0.4260917257959567	-0.08493869188827455
0.3629143780821906	-0.1569406365455409
0.3123509062191498	-0.2013086904485979
0.2207435912048434	-0.2800326480176868
0.180148943385508	-0.3118696509167609
0.1460187922636506	-0.3513134142277267
0.1257070387077989	-0.3412806971448259
0.1132817636623876	-0.3157659379638877
0.128804939452176	-0.2639896519390739
0.1665653771959379	-0.2186813244527801
0.2165850745927717	-0.1625450891479577
0.2004475738894168	-0.1285907069687911
0.1253259101323397	-0.112894592104579
-0.0215695614718757	-0.1663968979171415
-0.1029122324046478	-0.1937111317109896
-0.1452439795811761	-0.2057895255420003
-0.179906708344946	-0.2036320901452451
-0.1953435974469501	-0.1879616390062791
-0.1941297057100886	-0.1661206844049503
-0.1712862195246562	-0.1467602094922449
-0.1217704322417521	-0.1307504948672803
-0.04688898792980101	-0.09581076061837861
0.04858738987759257	-0.03204217568595342
-0.05108090325037127	-0.03799697134381306
-0.161922350372936	-0.04850012532260996
-0.2041995745318501	-0.05279618156342337
-0.2405031884802076	-0.04515784924574672
-0.2558794546196733	-0.02172543559807392
-0.245346289263885	0.008868816271770712
-0.2087051641227077	0.01804910698801272
-0.1658312775183007	0.01834994939567694
-0.05174811614322344	0.03996072929155112
0.04951163603108436	0.06250568282573793
-0.02938451138480296	0.07887008815789065
-0.1239075919819515	0.08757220699498396
-0.1688621890812954	0.09023172570295508
-0.2074672436989286	0.0995654662228336
-0.2169227876071236	0.1271593008603801
-0.202235936244714	0.1518438355588634
-0.1626983430270965	0.1553241342181734
-0.1158727605472452	0.1484470364643859
-0.01626672542014808	0.1466304995919578
0.0877853539103568	0.1479388959535613
0.04537368626488832	0.2098246239630942
-0.00417096031038388	0.2457173464030054
-0.04982780404940698	0.2666514261295961
-0.0714462016736834	0.2989649231241751
-0.06376781323934408	0.3131991173136123
-0.05341368690290337	0.3204683665326841
-0.02592562822392838	0.3143779753036466
0.023515069195486	0.2927739700707868
0.08274718667758664	0.2603853832127181
0.1883028033283227	0.2108278302652879
0.2672628437834052	0.202244127485004
0.3438669205515978	0.1875734953167246
0.4144990221475623	0.1609778446115364
