0.410356685525988	-0.08541128125378336
0.367491948739845	-0.1459873888194486
0.3294305472608455	-0.1978933830870032
0.2643191948344003	-0.2865229457953157
0.231712887727653	-0.3354792082208755
0.2119197591507666	-0.3748492937441074
0.1839346308939041	-0.373440059590696
0.1670386470143003	-0.3475854071225156
0.1718313796265292	-0.3087913519081976
0.1957685559799208	-0.255040265185779
0.2225122179384608	-0.1754713445309624
0.1929885570825251	-0.1406389097690058
0.1246644216866166	-0.1311396494005378
-0.01762988181188125	-0.1637892377177027
-0.1096289807067028	-0.1802056013772921
-0.1467150412442333	-0.1902825862772993
-0.1827080476343027	-0.1898064377486746
-0.2007065792164074	-0.1744973902435963
-0.1989003969819558	-0.1499507101417782
-0.1665638311952168	-0.1288394039656194
-0.1200556190521729	-0.1199946626757797
-0.03764924298045383	-0.0907831250516543
0.04115564218416164	-0.05039611159916078
-0.05841409653565455	-0.02133009951725729
-0.171975416839147	0.008432018631067156
-0.2101661167638083	0.01793435322892014
-0.24954373075257	0.03771798825076685
-0.2524481330484976	0.06287653465252639
-0.2419813310709751	0.0826274079127307
-0.1964430230885004	0.07977755785102522
-0.1565757102419342	0.06583745427218624
-0.04830002223297995	0.05167908737817615
0.03679387282625542	0.04760006793568808
-0.03236961487292052	0.07438067502513028
-0.1328629456624836	0.111447036774711
-0.1672267603613453	0.1179068887538049
-0.2063410523557536	0.1354095730193351
-0.2041389045850169	0.1565263159763938
-0.1949442389828294	0.1772860036175797
-0.1562733337554034	0.1736347289282641
-0.1194883962927638	0.1662987061101204
-0.01472786773980358	0.142471887636813
0.074853182620625	0.1296309866642051
0.02293213142201097	0.1676734010331249
-0.02920482054025932	0.197575293726906
-0.06040300263346995	0.2067205730088863
-0.09089656764997479	0.2298584164192977
-0.09098289910108431	0.2507023438269632
-0.07844351866537198	0.262585510961422
-0.04803726764473159	0.2603001059689607
-0.007029479420007208	0.2464916633872985
0.06138949843729561	0.21614945815592
0.1469666730286807	0.1877880631507223
0.2307324994715991	0.1951383479759159
0.3138012373033417	0.1885055622277181
0.3971817009048899	0.1691618422814639
