0.3755698360334905	-0.0463602458459999
0.3115692368491689	-0.1227448873291862
0.2803105354848395	-0.1795610665244516
0.2496732430580721	-0.2831980072412939
0.2426886675425819	-0.3205365334099013
0.2370014383054999	-0.3759642944896837
0.2242650461643542	-0.3793181831746897
0.2017431264098588	-0.3668271785727908
0.1829196793685653	-0.3095802119061694
0.1878137062316305	-0.2754606949919673
0.1864463945978246	-0.1669030895276216
0.1572720063996869	-0.1332047509958737
0.08993663888223682	-0.112765695302385
-0.02551105987880942	-0.1621178854070422
-0.100632166214633	-0.2003225314063292
-0.1324491078758495	-0.2103013088973106
-0.1675465548843438	-0.213936048730196
-0.1815185677461033	-0.2034724098601225
-0.1838638224620895	-0.1864690501433148
-0.1501172568960094	-0.1604946550349956
-0.1205035616004473	-0.1441582715253055
-0.05498026061820188	-0.1050129270907528
0.02290401791585346	-0.03270768057449305
-0.08487856076197219	-0.0138396534806179
-0.1744006795965758	-0.007520266337909767
-0.2010769091204469	-0.003594074631335859
-0.2448423586552019	0.005432722734889861
-0.2515161668303443	0.02770533434611953
-0.2432020994876189	0.04377344343163563
-0.196437588320943	0.05074781125407933
-0.1655212386172988	0.04794453257815409
-0.07072184709899208	0.04594587764003589
0.02290095655035964	0.05244885267664276
-0.05209714461183076	0.08876270771760136
-0.1238146406593858	0.1187246040785403
-0.155907578231985	0.1300295127291907
-0.1976709123936981	0.1486674842748924
-0.1968830181493552	0.171026155714913
-0.187446037775981	0.1828541446206561
-0.139486122110478	0.1792039488254649
-0.1074278432115983	0.1700217742830094
-0.02619295430056703	0.1455035231573091
0.05391357377584131	0.1262869089165155
0.03388135340982312	0.195219856138548
0.001426459864407598	0.2352622323283918
-0.02335233121036982	0.2583683922329895
-0.04182719110474468	0.2879393082981936
-0.03987072978072792	0.3018041710180555
-0.02181140093011815	0.3052243112650732
0.007121650030356073	0.2906869247667622
0.0340311960026095	0.2676076022813176
0.07177425783967641	0.2297629248857964
0.1417710822295464	0.1678446514986162
0.1929903131618632	0.158903814193824
0.248532450214647	0.145771083743591
0.3050508448139208	0.1368969908009307
