0.4711224420035953	-0.07943431998895183
0.4034475182375939	-0.1691965419983997
0.3273931555967465	-0.232522140778555
0.2070988404334869	-0.2918139447260696
0.151030979426202	-0.3137217530246749
0.1163021210171643	-0.3389327894725968
0.08619871827501133	-0.3280829483193981
0.08169657706786454	-0.3033473407271416
0.1086385667678677	-0.2598687830333195
0.1746996785919339	-0.2172520794939392
0.239537203561149	-0.1731662695765309
0.2010443890062506	-0.1358788958624725
0.1387706431600808	-0.1369583130502191
0.005444423899478679	-0.1612842667750485
-0.1014310259708591	-0.1920745070579262
-0.1435993290115323	-0.1949871366853941
-0.1847891912857669	-0.1871688851329442
-0.2031841814131308	-0.1665765765041658
-0.1913562729282581	-0.1406349733729199
-0.1534540286126514	-0.1251758414416745
-0.1153048195454977	-0.1218967511925758
-0.02683197818048582	-0.08537605492647853
0.07006545762899484	-0.045571004593258
-0.03534650431475728	-0.04542210700493197
-0.1602595472971604	-0.05159006241604511
-0.2075387077982833	-0.05133166069688158
-0.2481193179224122	-0.03683154075173188
-0.2579868997195179	-0.01160671277625613
-0.2494428094049656	0.00787677694653321
-0.2014298183290138	0.01566653611230808
-0.1620669953449085	0.01747742931494607
-0.04799815626291504	0.03815927739741617
0.07118063094796089	0.05566012119535527
-0.01606715953248326	0.07713043006606696
-0.1296415144132329	0.09153863719624089
-0.1699742504542473	0.09386868839714345
-0.2173785252768962	0.1076435054769936
-0.2215142058624123	0.1363982070427695
-0.2112672812476892	0.159778940309057
-0.1611826406899983	0.1606222750147233
-0.1156063144890461	0.1564666297520616
-0.007757151773491396	0.1533804287392469
0.1064259193605612	0.1605367978546982
0.04562654371044382	0.1904055821444876
-0.0176118513746106	0.2231917239829666
-0.06257710676232239	0.2340491835141272
-0.09523376099147154	0.2613418611830343
-0.09559495779507782	0.2870473818321999
-0.08255017150174881	0.2966679988777585
-0.03575932205227779	0.2910541295065356
0.0006794343367431434	0.2755741235665772
0.08085894992705756	0.2506957915355865
0.1957620601083851	0.2213038813298326
0.2701030608130128	0.2212830073211196
0.3469940491131318	0.2196720858359247
0.4297344345684046	0.1932127699347844
