0.5215056220879606	-0.09235862333509724
0.4204999250523598	-0.1720003289876544
0.3452788218667115	-0.2138162187124653
0.2104168376418278	-0.2601693028249178
0.1371361116780534	-0.2829192395998326
0.09580494448541284	-0.3025577331388869
0.07030046280331018	-0.2892824575425487
0.0658120295324001	-0.2588593807112678
0.104331295104402	-0.2130891062015375
0.1767984182199508	-0.1743261803564326
0.241058352793143	-0.1462074993010849
0.1992305065749758	-0.1279286065581291
0.1420646160806932	-0.1235722759530715
-0.01209895060755943	-0.1636194988362585
-0.1100602793601733	-0.1890957574287576
-0.1739816224093612	-0.1953089256610555
-0.2109190895364802	-0.1869890568687444
-0.2236147113497469	-0.1672102248272207
-0.2201478521880202	-0.1495212619123741
-0.1791167844162162	-0.1240541567222092
-0.1256896364463671	-0.1125481057731098
-0.03682440284235219	-0.08024053306207374
0.07289655341739965	-0.02788224494680726
-0.04061023306667236	-0.03519284885191995
-0.1642260932118073	-0.04447952602252549
-0.2166510965198449	-0.04717874739320985
-0.2567168312846865	-0.03464232869269548
-0.2697125525187898	-0.009034885000061143
-0.266695284682703	0.01738616154079868
-0.2220110541895199	0.0284420633586431
-0.1682735307537965	0.03413089431289936
-0.05368929584989656	0.04878575795832305
0.07799509478344438	0.07162070969920344
-0.008516981927905867	0.07884370062431463
-0.1153436196150891	0.08356516539466151
-0.1676933191651101	0.07940337418587322
-0.20768430797755	0.09048805689893624
-0.2206794714060384	0.1160846667409179
-0.2104571596894061	0.1443431284931199
-0.1657620953455704	0.1553995881165794
-0.1130375504223112	0.1522810316868058
-0.005208768073316587	0.1563663964948738
0.119944407862324	0.1642766414360447
0.0565864519999601	0.17560294421379
-0.005256413578818249	0.1855625330015233
-0.05905784911629063	0.1813259958403334
-0.09191798219497191	0.1956889959015373
-0.09871024640472635	0.2143161913764462
-0.09394170096596652	0.2349942060692497
-0.0580540240061607	0.2470636442051732
-0.00425203066307334	0.2512893475157106
0.07635668844476469	0.2452179931572141
0.2110772185559494	0.2375659559650644
0.3105373709959013	0.2339316578539684
0.4047902205221062	0.2183519864816971
0.5161908712832537	0.1817562666982329
