0.4280233032447851	-0.07147025596604861
0.3563276512865478	-0.1495491294586158
0.3189637404058318	-0.1930154357935728
0.2410363543331712	-0.2863491158896606
0.2095271443844733	-0.3256786466800309
0.1829114051850412	-0.3646376280565991
0.1580454741633421	-0.3615898618763297
0.1447945413575502	-0.3330457559081126
0.1539822668439826	-0.2917130413561658
0.1808916869898791	-0.240414249349313
0.213764559325433	-0.1701966920971915
0.1998643025002967	-0.1330776215571693
0.1311127877948979	-0.1198073501163987
-0.02937321492773278	-0.1639818903753638
-0.1099577890957293	-0.1897884641772724
-0.1538687718011275	-0.1955697281888038
-0.1860787752148091	-0.1930872437557856
-0.2011323657162777	-0.1732946094758791
-0.1950764486822077	-0.155596933765809
-0.1646281075654297	-0.1348149287707527
-0.1235396559888549	-0.124316701126461
-0.04944930412759671	-0.0940803608696536
0.0435994283053987	-0.03777328646917551
-0.05785961570206658	-0.03191042961910732
-0.1676988919478878	-0.02914749843110005
-0.2146082228624627	-0.02776892970332169
-0.2464405030575866	-0.01417752681984143
-0.2541402185224489	0.006171966634997157
-0.2470488316781577	0.02641339886834848
-0.2083192069360391	0.03550491725246428
-0.1626316555928152	0.03404299628874514
-0.05447648314040722	0.0373021605407899
0.04286207173569823	0.05329708385862027
-0.037842417772956	0.07797064473246984
-0.1217646968097821	0.09624175810784133
-0.1663152008899008	0.09902703609579544
-0.2079442252281805	0.1118857627239907
-0.2100764369388862	0.1400437229013309
-0.1966757574766816	0.1582975677501805
-0.1572968087152187	0.1588141215624915
-0.1123666426128262	0.1511360628614237
-0.01543963254929623	0.140008495812135
0.07490069036308282	0.1345317847529438
0.03023744474706185	0.2037995866163843
-0.0090171563796869	0.2340772143491074
-0.05147132181766434	0.257953774655657
-0.06989449997826427	0.289808825032611
-0.06460508079349744	0.3012896729691801
-0.05272897445757975	0.3071196649156517
-0.02645702421185711	0.3017221845093979
0.01827261582463581	0.2804741130343751
0.07240167149647897	0.2488666445088139
0.1704014045110994	0.1910153662699276
0.2394550227352819	0.1900947081040656
0.3165034174430958	0.1811461418967067
0.3983449542148554	0.1577959380470921
