0.4660225504935637	-0.08799683984755549
0.3897240195789675	-0.1709580808672077
0.3239929481843161	-0.2317268403825205
0.1848401425032695	-0.27863105056183
0.125767391542847	-0.2785665618412477
0.08210734920869843	-0.2882056916588944
0.06116586748698827	-0.2761860147198258
0.06436533419552048	-0.2437605307835342
0.09607250736294914	-0.216135565973376
0.1621748226022128	-0.2009766205268753
0.2362989815447371	-0.16513424705792
0.1960177371778721	-0.1450226138576176
0.1422844848536944	-0.1446001292784872
0.006512129532743499	-0.1818890674856084
-0.09353501390918761	-0.2114092585102881
-0.1374544432605004	-0.2170306686912468
-0.1754179768337135	-0.2115257534412693
-0.1927103446366783	-0.1938979143073059
-0.1875511629930424	-0.1707396496850943
-0.1511102784718293	-0.1535342951302615
-0.1047854584197784	-0.1437165007128178
-0.02149335566351248	-0.104582690108762
0.06919558377162818	-0.05555433411447378
-0.04075636733587852	-0.05756275047435216
-0.1622823196168193	-0.06704904500537588
-0.2052266893087746	-0.06725156745063127
-0.240874164481148	-0.05621787910521758
-0.2546868064236787	-0.03030649019906283
-0.2481059036211931	-0.008391282135904095
-0.2057881933464358	0.001157848722889822
-0.1616801561948862	0.004115147844900578
-0.05147047046302743	0.02224133561385187
0.06889082862446153	0.04909840131344121
-0.01683084175290419	0.06616340309183437
-0.13596166560845	0.08098843078322208
-0.1750789234408175	0.08373923601539883
-0.2136591732307885	0.09859142633786923
-0.2195475945775849	0.1263824744207148
-0.208690918439156	0.1445592362652297
-0.1673469345058473	0.1486695929874403
-0.1269872867733814	0.1473504521145532
-0.008662453593784914	0.1445467537550463
0.1117097744280016	0.1512789382682691
0.051370456647119	0.2103069592484957
-0.009236538958555803	0.2532165421606949
-0.04942778436656784	0.2719858433016061
-0.0770520825177716	0.3036830732685947
-0.07581067835153092	0.3252402854732053
-0.05336907210537023	0.330770044302499
-0.0176322646330984	0.3184039670981341
0.02104792731616554	0.3022101113752269
0.09206458997672579	0.2640335731578577
0.1944635643331103	0.2185525162722332
0.275630854615443	0.209232403830823
0.3432650954481923	0.2016916893319075
0.4252383764064742	0.1803502475586165
