0.44149377053589	-0.06157076108089476
0.374125354656916	-0.1457438877271472
0.3211705485128538	-0.2065593925534251
0.2235780301362447	-0.2867331707028485
0.1945212272715288	-0.3240158050716933
0.1560161083414718	-0.3531666618170644
0.1356176214808807	-0.3513319283190948
0.1180642820917482	-0.3277742152746003
0.1275528064550079	-0.2778751045575826
0.161092785412286	-0.2387746250337632
0.2241856695804064	-0.1575707946907707
0.1935181351715438	-0.1335142294230646
0.1296675049960597	-0.1260077056506039
-0.003550276295399762	-0.1721654297971863
-0.09794817547668465	-0.2080756563281977
-0.1372653871779334	-0.223135231682358
-0.1691098517927112	-0.2241075027673408
-0.1890082591851428	-0.2091672129613799
-0.1888158268174995	-0.1854591875597813
-0.1576162542738145	-0.1632597438872105
-0.1129884079979544	-0.1438940590972738
-0.03351391027963546	-0.1030005770055408
0.04366077840349208	-0.04585645088782278
-0.05800123162129828	-0.03069584086288251
-0.1714334594565969	-0.02431067328756059
-0.2122316604227267	-0.0206325675798823
-0.2530258842668235	-0.008669622014541169
-0.2612926085365434	0.01620737934890617
-0.2538171115729872	0.03858816218748565
-0.2131719728410466	0.04436234966718135
-0.1654109702132921	0.04167340338748058
-0.05561320544299521	0.04424594928554394
0.03793911966829758	0.05279488729433972
-0.02738111118324319	0.08733379794298884
-0.1306799225841893	0.1223909036477402
-0.1613554112371183	0.1298777892001207
-0.2001559505144023	0.1444946771142249
-0.2056003044903124	0.1745052463954978
-0.1848535731508034	0.1952197236811544
-0.149366006759285	0.1872355085376997
-0.1163667046485681	0.1800787518762942
0.0005401970184243272	0.1576098455878967
0.07996584772708555	0.1404712120941908
0.04119206274948339	0.1799623514946569
-0.01185748174290663	0.2115030524376583
-0.05097951119942681	0.2284449810544982
-0.08197840174421256	0.2548339984917311
-0.07780998883176812	0.2755552027765062
-0.05922414275917087	0.2864798465170225
-0.02988055825896675	0.2799935089814437
0.01273151074010469	0.2635473873235405
0.07407453380189649	0.2320039365034539
0.1616138465460884	0.1994405948336747
0.2362501966938088	0.1993887025597422
0.3251509177674927	0.1989925429289248
0.4075806670164555	0.1858323444699157
