0.47942374229168	-0.07092992949493956
0.3656358672500252	-0.1650651529115737
0.2959548249099379	-0.2166752772658984
0.149842957591686	-0.2496374852566569
0.1101535713786125	-0.2632924723495459
0.05859469973597595	-0.2827083621089168
0.03933900322057078	-0.265360870484788
0.0379194415415087	-0.236440436707346
0.07978632165045921	-0.1897793170498618
0.1200783315904891	-0.1749554863870515
0.2201781873782127	-0.1419985900495333
0.1949600669772431	-0.1304763578174363
0.1478754752943428	-0.1210403960461315
-0.006508821878533008	-0.1556778079162185
-0.108882008080549	-0.1815223952558256
-0.1408287803979726	-0.18879040030571
-0.1903518198302568	-0.1869965634912901
-0.2131636708446175	-0.1707857370743074
-0.2069368820455785	-0.1443169709514499
-0.164868907616679	-0.1289181977324662
-0.1263483649735266	-0.1146605869126209
-0.03157613098163601	-0.083406575625214
0.09477817670379554	-0.02541834716945055
-0.03441568123889355	-0.07452279933042547
-0.1333466934566958	-0.1080823193948998
-0.171830832215857	-0.1193996193479464
-0.223316624419735	-0.1329129447553108
-0.2442430276224766	-0.1072843005633497
-0.2397922033123072	-0.08139047699666555
-0.1929219258545563	-0.05956831785068603
-0.1514156740766296	-0.04238935462161639
-0.05533743202128539	4.97162164303129e-05
0.07212585970050962	0.0515369821144473
-0.02100292187569401	0.0580141014605124
-0.1183226600405845	0.05923218125751071
-0.1566564144010127	0.05970679010327636
-0.2143231702368207	0.07163954612636506
-0.2252934886631775	0.09064452453262956
-0.2167335099162881	0.1158993204883663
-0.1676539870990188	0.1247240517108452
-0.1151133318399613	0.1287831554592399
-0.01356173601040078	0.1357731487913155
0.09413907198744834	0.1633206211810337
0.06192727552365919	0.2303649922857465
0.01290230058670734	0.2734506114245861
-0.02336794039258575	0.2980797549029335
-0.05306863656736614	0.3297117240564422
-0.04574608363716429	0.3496753021003371
-0.02911097073351729	0.3588973372086071
0.009081121941386272	0.346626322372037
0.04943706170783263	0.3184001233187507
0.1055656229294873	0.2775923317861957
0.1997169339697379	0.2097723113674754
0.2680711117599869	0.2041988562166085
0.3387440182325041	0.1944708483610461
0.4298092864275727	0.1638391943823994
