0.4505892284123288	-0.08754741793212817
0.3861123928022921	-0.1569626461642347
0.3208897772991831	-0.210124711982952
0.2019271176861889	-0.266034647926316
0.1532304107975956	-0.2895382050601569
0.1090247724234991	-0.3087268838593202
0.08319018137939488	-0.3030570280770404
0.07478391155377659	-0.2751688960177177
0.1009534365763904	-0.2317672780461896
0.1591531365068804	-0.1932840644692488
0.2198421335254932	-0.154498928459753
0.1849156825443563	-0.1361141082475274
0.1415799258491064	-0.1313133347180628
0.003613197809581432	-0.1757011851866979
-0.08984708765452358	-0.2033804343254476
-0.1420853472202553	-0.2185102525587936
-0.1795596546042112	-0.2205388834156708
-0.1980694076431414	-0.2026794724797372
-0.1961242778742008	-0.1772966468532339
-0.1574792846100748	-0.1537586411370065
-0.1067864777897278	-0.1362997066506601
-0.02582465306821312	-0.09882587988753525
0.05918569436904229	-0.05331133054516189
-0.03825757133972561	-0.06890021615769061
-0.1630797626067508	-0.07649934935378416
-0.2100133948313722	-0.0834548047980623
-0.2477977260354964	-0.08300447641689353
-0.2648796571941646	-0.0561685999465866
-0.259208683180653	-0.03034322852132719
-0.2145616172390322	-0.0148711743478899
-0.1684127667532581	-0.01178106828315186
-0.04862469308867996	0.01657487015336752
0.04394351762153161	0.0516862503123374
-0.02170068078987904	0.09525308300320731
-0.1288366154122949	0.1388299347389534
-0.1600808903500923	0.147604468894236
-0.2053701970070964	0.168511916545739
-0.2051100251185096	0.1974511859628459
-0.1883269805039017	0.2145767853227455
-0.1448402625923743	0.2085313632492196
-0.1157752609225314	0.1969759474233359
0.00845374213466055	0.1680457358094432
0.09771262600948437	0.147447512552077
0.05588057151565085	0.181347736333771
-0.01257783891751572	0.2170329090492831
-0.04829018986873151	0.2315615995008135
-0.07885809431395947	0.2555081830542413
-0.07676200332874131	0.2796463601366834
-0.06264109128838011	0.287636431358319
-0.03046219162668965	0.2814918176573601
0.01223974454599044	0.271581046204294
0.08519844311249866	0.2402118700546911
0.1719439191668898	0.2092519093526895
0.2598934114526057	0.20986225675335
0.3532444862444016	0.2073575879309313
0.4527429234353498	0.1854847404720441
