0.5599486058182626	-0.0854572473867949
0.4597758693853344	-0.1779034417695159
0.3267888360012177	-0.2253224069001926
0.1600770428815308	-0.2243574367411047
0.1020345074590602	-0.2256829018854913
0.02116689828361237	-0.2369178645807272
0.00909357192185422	-0.2168756517187214
0.0142888078146103	-0.1826100506038706
0.0685490836308863	-0.1436386306411163
0.1463400258820772	-0.1317815900743567
0.2596568431382555	-0.1430295894649416
0.2154871414912838	-0.1310582713896533
0.1623713643588527	-0.1237367911914982
-0.004615070855569298	-0.1403533532587605
-0.1197620480656897	-0.14640229034472
-0.1756522432789026	-0.1449426162799642
-0.2371073928007678	-0.1311434165689048
-0.2538106256278187	-0.1101830414839186
-0.2467621796687226	-0.08270889732709825
-0.1837928859562123	-0.07273648684017009
-0.1294735833777049	-0.06586067468933918
-0.02608619508421644	-0.04625568706446784
0.1322364091672845	-0.008661096818549981
-0.02455516527319212	-0.03853534675509624
-0.1619059058380561	-0.05942898249213432
-0.210044340728406	-0.06753052981905316
-0.2721039150281255	-0.06484739889638058
-0.2891346522201245	-0.03741007177178005
-0.2839286951990075	-0.0111586169995864
-0.2203687436284651	0.009920651992248862
-0.1669760460831277	0.02019219262209502
-0.0419954837047685	0.05156293365561689
0.1314402968005277	0.09257241631910047
0.002442695544919634	0.06521027135263768
-0.1015575603366127	0.04251484988368757
-0.1552555525168865	0.0307038366326275
-0.2191514512625668	0.0241271546247145
-0.2327757388471897	0.04447694043982789
-0.229111532765458	0.07102220124530702
-0.1702014190720487	0.1010475457226019
-0.1168087215267113	0.1113190863524479
-0.002627444700151846	0.144831446466867
0.1513874333413721	0.1688324016683633
0.07791266011034795	0.1625433612017174
0.01526242795259605	0.1541196336194828
-0.03441852535042893	0.1383000243013636
-0.08474072046352804	0.1354435293459527
-0.1014355104803893	0.1483782694866308
-0.09806815622340428	0.165358422726588
-0.04625402664967182	0.2000029525408148
0.00805683311864596	0.2149043996359538
0.08396930978202399	0.2335459651954352
0.2262552514471171	0.255060911330707
0.3361793860157414	0.2509096635330889
0.440247111469695	0.2334838422458075
0.5295131197968084	0.2061454776162155
