0.459631919274421	-0.07124252289159339
0.3894977986030069	-0.1648697056263084
0.311133032602535	-0.2177469146553386
0.181245012925875	-0.2795540342575705
0.1461157577997302	-0.3055764980714585
0.09838212578872402	-0.3402117980354362
0.07079777623813929	-0.330480905560193
0.06615598360999415	-0.2966680451189985
0.09599022115594587	-0.2475233602823464
0.1393897978321825	-0.2179835242365286
0.2216547345367348	-0.1452210951559124
0.198976240023131	-0.1210366999785624
0.1455951310510793	-0.1164274221518665
0.003157401357888947	-0.1640620179638616
-0.08767504175815825	-0.2014241577873172
-0.1288439094472353	-0.2163470329802367
-0.178707646187357	-0.2200080767036327
-0.1952644952370738	-0.2055807247319133
-0.1950557073476874	-0.1801096663097929
-0.1531521894567257	-0.1531635510639595
-0.1175070167989369	-0.1405882979681599
-0.03278566671480418	-0.09345977780933754
0.07888598697607262	-0.0224941730851919
-0.04121647335701326	-0.03393158319651253
-0.1577294733380686	-0.05229616179146906
-0.1956414504942587	-0.05802506400235128
-0.2478540246337368	-0.0561823022561676
-0.2625064733467588	-0.03247833675033787
-0.2581171434925399	-0.004587568110997108
-0.2009987143160812	0.008023172844926183
-0.1643379125445377	0.01516610094012846
-0.05803572996151082	0.04220000550686037
0.07982245334516364	0.08072144593553666
-0.01633176573258244	0.08793428644068833
-0.1176728187591793	0.09814918929724424
-0.1591941458291087	0.09934867087223424
-0.2132651829155684	0.114720676237461
-0.2228128305806944	0.1340800339765488
-0.21339890962618	0.1563134837763728
-0.1579505498177602	0.1636460207527541
-0.1136720437970547	0.1636256264423104
-0.01435291186823103	0.1642648211549763
0.1104466156124492	0.1646846755462835
0.05550659396237507	0.2096163036166538
-0.006262964971965152	0.2308289755338977
-0.04060168772565791	0.2396350012749589
-0.08482491922691415	0.2624507003065837
-0.08777109940775098	0.2800691158597683
-0.07752489705198211	0.2941963099114102
-0.02506743951187583	0.2963612948495312
0.01345182520664918	0.2899749793256903
0.08708177369422997	0.2653624559375949
0.2133581809519777	0.2241174146698897
0.279952169673462	0.2160256448202693
0.3502990768977685	0.2036818525368342
0.4296056261354565	0.1840827601659438
