0.4801777976208145	-0.08973284083474739
0.4105997122436134	-0.1650348406333259
0.3327405807569306	-0.2182796692787971
0.2226744406749777	-0.2769647380704457
0.1671617187345384	-0.3070979038017888
0.11637739918014	-0.3293319760996195
0.09395164957247457	-0.3255963836033987
0.08347212816225609	-0.3000581260349403
0.1092296759891973	-0.2478983592885203
0.1685026674216412	-0.2060741348303139
0.237217762625328	-0.1538109138583461
0.1932727144328327	-0.1340308946776836
0.1389380237181439	-0.1262781534873824
-0.005619295737086805	-0.1547512253901698
-0.112937906970227	-0.1765026722535373
-0.1564973819076567	-0.1848214078646678
-0.1928137912062384	-0.1845956616322804
-0.2159160621935978	-0.1622468789648308
-0.2118783193564319	-0.1357181846277584
-0.1718104696609562	-0.1188796441688939
-0.1285713660863509	-0.1092929984439881
-0.02633730725612126	-0.0780953649566794
0.06956069978975418	-0.03775777803907308
-0.04190319135879814	-0.03772592775191647
-0.173266966645892	-0.03869571644969066
-0.2155837712969883	-0.04133499090278916
-0.2575978627754815	-0.03449571954088611
-0.2715601803325433	-0.005810885089082091
-0.2596251543514131	0.02137439987431274
-0.2148071612269767	0.03001113372706161
-0.1686989541141873	0.0282429399886018
-0.046213506812903	0.04307577542864426
0.06742530830391831	0.0610487317781277
-0.01216371066016321	0.06779575113079969
-0.1347055307585778	0.07442053240438651
-0.1653307138511527	0.07339658954487785
-0.21177514022744	0.08179415631352663
-0.2206869743041441	0.1117651219009853
-0.2087431192279032	0.1335771788999917
-0.1658131847998058	0.1390491148475157
-0.1285492367502734	0.1404116500917281
-0.003817207614574509	0.1410546114527733
0.1082515470475262	0.1546042517100252
0.05826614143771727	0.192991005088012
-0.01061988244690868	0.2104856272692951
-0.05169345398001363	0.2189014150598232
-0.08742084766572014	0.2380701147530327
-0.08969447961712468	0.2630040716396007
-0.07394745703121589	0.2804016416414863
-0.03731304949101577	0.2789173772220922
0.008181465013114578	0.2689409209036123
0.08212271862051052	0.2527136460044465
0.1879699773820657	0.2271030132523743
0.2770081189229525	0.2308067554614385
0.3838023323672822	0.2228806585412376
0.4770080576981591	0.1940758046457444
