0.4917514635991261	-0.0490682626693358
0.3730047034505347	-0.1445482147340454
0.31401200759666	-0.2217857281567074
0.2181304159443717	-0.3035824145969868
0.1771766247833566	-0.3327455705952329
0.1531207882067419	-0.3676017475848961
0.1249385107182511	-0.3618679783983934
0.1127737354066586	-0.3366574964937907
0.124624048476595	-0.2878751605036152
0.1661843385615843	-0.2424823338311749
0.2222446940501667	-0.1799488986352097
0.1970649370243504	-0.1369597703017466
0.1222665722622142	-0.1221332080528349
-0.01431646852432465	-0.154145675612754
-0.1056373547455475	-0.1850665758074075
-0.1439004059408626	-0.1907093999530563
-0.1806165884605761	-0.1827491618879564
-0.195957411616118	-0.1634449230115987
-0.1866545571354779	-0.1369304658074766
-0.1559237675181584	-0.1203871469942012
-0.1142225425727879	-0.1176380220978238
-0.035430276648007	-0.08654335508493768
0.05787231743362384	-0.03829992387433441
-0.04366212168061251	-0.03796397837833349
-0.1654301559479867	-0.03907318247919073
-0.1995583711202759	-0.04143847913910455
-0.2416047831860891	-0.02534868978575938
-0.2514334543031065	-0.001655644654461816
-0.2422728276593377	0.02361556869684087
-0.1978201313015672	0.02855962349045438
-0.1594453377112096	0.02416952425902438
-0.05098278942692924	0.04059956826380952
0.05611270559510951	0.05592648917358174
-0.02569291821121974	0.07531457095613352
-0.1324256217879413	0.08501515591900687
-0.1695571715254797	0.08926302731356549
-0.2048889358950348	0.09831507218088879
-0.2152436630853872	0.1283378832324485
-0.2018446136977421	0.1468639634456642
-0.1660496317806166	0.1527891361859909
-0.1190181772891464	0.1474087097941232
-0.01914129570602183	0.1435118346781769
0.09933079264816828	0.1487579818811248
0.04239967283972376	0.1991486996854594
-0.01595661331396481	0.2371632877834801
-0.04933715526494081	0.2522616964368551
-0.0816958310741179	0.2873021424349654
-0.08052358142125536	0.3084771608792631
-0.06467773898352501	0.3154436717283703
-0.02839534210908545	0.3037731740717939
0.01199140534655118	0.2841040366710543
0.07819489419380707	0.2489516088409436
0.172581714069086	0.2080746210380551
0.2448013206975224	0.2035725399746247
0.3105397243551009	0.1973022125245724
0.3882002493851472	0.1746284475820935
