0.3762399861133173	-0.06237554938447171
0.3323364429487899	-0.1322843071891365
0.293041106737691	-0.1969443736902918
0.2561767286738498	-0.2875157803278971
0.2452803200128522	-0.3257825262330675
0.2378519106182266	-0.3761340609822477
0.2227343370474178	-0.3842118969964857
0.200764073370407	-0.3681540635222778
0.1869479530967388	-0.3233865708368674
0.1948045730000884	-0.2720263531097366
0.2091981317495381	-0.1841739175906567
0.1685071622867783	-0.1296507958003361
0.09023871883367013	-0.1120337900310077
-0.01844157338888219	-0.1662503561016012
-0.0913281704185121	-0.2053818892280294
-0.1185406572275622	-0.2168441502507534
-0.154720776401905	-0.2270223516163361
-0.1736086282968683	-0.2122191215263562
-0.1722667986286836	-0.1914187858505263
-0.142308127501285	-0.1644685107593131
-0.1163037007880909	-0.1501397704252178
-0.0431972522270912	-0.1075399734043525
0.02646057214597251	-0.02675840890563914
-0.06952887597438284	0.02891698678491711
-0.1609255731590522	0.06967502251966591
-0.1898407746153552	0.08025228773901183
-0.2278483943596979	0.1064042226450518
-0.2271052667109815	0.1286400434414295
-0.2159901520468085	0.1442794829733254
-0.1744147118696816	0.1356559144029861
-0.1404025494076834	0.1230040838824473
-0.04916793374334038	0.09061048756379858
0.04391073963390618	0.05984109742668355
-0.04894050871864861	0.09407566889463807
-0.1244938983237921	0.121269665105647
-0.156465708518579	0.1330998595117501
-0.1949236873825809	0.1523107756991914
-0.1978762486529934	0.1713012666960994
-0.1861593494057545	0.1855127946007696
-0.1359844712945137	0.1805134063179984
-0.1052207211955829	0.1715496912232665
-0.02616036373229634	0.1500437845440991
0.06940593846822302	0.125386203517825
0.0107760480521166	0.1504327174299535
-0.0338203794633859	0.1662095827569393
-0.06990094209938169	0.1737795992584268
-0.1042843815561563	0.1913320962303529
-0.1078698578800185	0.205839475227678
-0.09800458983900508	0.218429879514412
-0.06042768950782036	0.2232988418362519
-0.02148064756045337	0.2169368854306203
0.03352198000448726	0.2004822359592837
0.1364081514117037	0.1704705467983655
0.1973947196011406	0.1658113050399868
0.2726003891885696	0.1494320814707716
0.3533533789013529	0.1379193113189622
