0.4718197365815867	-0.06905088567347585
0.3802338665050911	-0.1654021660722369
0.3195297578544106	-0.2248391637962765
0.2171427928666711	-0.292594103350106
0.1704179952134532	-0.3179336245214357
0.1381806080753989	-0.3535517910141178
0.1106913657801933	-0.3473374965613115
0.09593488943024069	-0.3135593243543731
0.1124429565105307	-0.2729038520551408
0.1733562891526287	-0.2317399465476317
0.2313477031411419	-0.164493328971887
0.1826934821276991	-0.135028478339372
0.1343530414862862	-0.1329684087503618
-0.005062922040137724	-0.1606711510312667
-0.102741266439104	-0.183990238097854
-0.1405092652858542	-0.1922536395976292
-0.1850094838958851	-0.1836205581861578
-0.1982899848431063	-0.1641952079618919
-0.1907291132368942	-0.1406060295414402
-0.1530410513624279	-0.1245125793704715
-0.1113483692325951	-0.1162042408730713
-0.02678093727370053	-0.08911978969441302
0.06803025126207986	-0.04365227717506238
-0.04694834164560511	-0.03843972183267857
-0.1605407219156166	-0.03974033646938421
-0.1997546640132201	-0.03627384788359638
-0.2403697235942442	-0.02499243793274615
-0.2563681094867979	0.003544394759389872
-0.2461640996243721	0.02455027676699988
-0.1992001570580509	0.02900348838727123
-0.1574327282390994	0.03078364082964296
-0.04911690991893351	0.03725095952222431
0.06557771230821528	0.0568396824513995
-0.02203640104398086	0.0675829607326712
-0.133159755844345	0.07805706194896148
-0.1645288556552003	0.08031145068364208
-0.2143003347017195	0.09279965897224235
-0.2210825705155983	0.1149129732201547
-0.2121803120391454	0.1359039503820177
-0.1665629466262301	0.144257225877043
-0.1286753753229283	0.1420774726012889
-0.02288831308558942	0.1419867955473481
0.1023391154519543	0.1538651534920736
0.0378360019241953	0.1988104647066678
-0.02526091506717014	0.2346487065026165
-0.05806624356629698	0.2486330965530523
-0.08983877528404791	0.2861222037722391
-0.09134975066143823	0.3043803911430227
-0.0757549079059724	0.3110879914979747
-0.03516446773327707	0.3011082217029054
0.005525338536865809	0.2832986256970267
0.07772391220332756	0.2501878721788003
0.1891313489144199	0.2149027781283692
0.2636292483131873	0.2092364411379154
0.3499118005879167	0.2010817607828428
0.4324085599310868	0.1824489256775821
