0.4277760717018364	-0.08545283657513569
0.372273862907739	-0.1511694469009285
0.3295701107852262	-0.1996528423839336
0.2385633881265651	-0.2846619895271533
0.1997600154797941	-0.3249025371686545
0.1716561619153883	-0.3597201406313612
0.1500160860938682	-0.3603664315350646
0.1352422918770449	-0.3382632697281715
0.1441259052176855	-0.2858230367235171
0.1753812444055014	-0.2377555784395914
0.2201746248576196	-0.1774632869851445
0.2043954313928993	-0.1312237930876604
0.1309992529971083	-0.119052004916978
-0.01633364492110728	-0.168926801300971
-0.1029545303307496	-0.1970613280773114
-0.1435028868181351	-0.2081571619559549
-0.1805285906932002	-0.2085166411091265
-0.1945641750098574	-0.1914125517148862
-0.1918179426333612	-0.1667222185260326
-0.1640022755120388	-0.1472809338572572
-0.117383680058582	-0.1340045565361187
-0.0447508593703249	-0.0977194717237154
0.04671519600503297	-0.03308434109452822
-0.05958526234507119	-0.02322222181488829
-0.1713940239959218	-0.01928159364997112
-0.2150453426278722	-0.01806067536163079
-0.2464153700433938	-0.004800507397224523
-0.2517264020139463	0.02253345521949709
-0.2455521854066954	0.041337758244183
-0.2092646914317965	0.04669630981000746
-0.1681175636359794	0.0451055992253083
-0.05509819683997562	0.0502947766534097
0.04754529826730122	0.05650104116514672
-0.03112507645593567	0.08706119516143573
-0.121005575842183	0.1070244330239876
-0.164333247080495	0.114685382574758
-0.2053763972351324	0.1328998527416482
-0.2076385465309029	0.1568506013377841
-0.1925201078250885	0.1757010492651904
-0.1544311719636673	0.1774921780085255
-0.1121760419713253	0.1683982041750401
-0.01283278033880706	0.1536657671223167
0.08595510550289708	0.1426942709536002
0.03385295711272283	0.1925115008167611
-0.01830702401591067	0.2167607489991674
-0.06023988130716583	0.2323040633546967
-0.0864527791990721	0.2539926626550622
-0.0817195214415985	0.2738588229735526
-0.06781306257348882	0.2835887745675543
-0.04292783663056623	0.2795871668357359
0.002201276494267976	0.268358794462476
0.06473850400417988	0.2430831499368202
0.1722747153068051	0.1988930356797661
0.2477591473396502	0.1985394527401393
0.3270413558996088	0.1897956488002117
0.4089186704085904	0.16354250221913
