0.5400640891727453	-0.09386179615594153
0.4494372135103917	-0.1918461228908547
0.3656184868536611	-0.2611347959613877
0.2068981689321464	-0.2875198885156501
0.140836464163602	-0.2554571728463861
0.07715100176702402	-0.2492917286853469
0.07462091670156339	-0.2294852228231075
0.08137951897884825	-0.2023035000564427
0.1289272274551634	-0.1852770590220488
0.2017205880162389	-0.191672553667237
0.2657398260172481	-0.1841758651590928
0.2341849433465823	-0.1696969702511589
0.1644695621541493	-0.1618640379213471
0.002269339780475769	-0.1456117469295589
-0.1266045012110402	-0.1332428974233714
-0.1750527677681523	-0.1259358299980309
-0.2139330351924687	-0.100643016727844
-0.2240681022240669	-0.08064442156556462
-0.2112955129363253	-0.05665627425449057
-0.1639506230369686	-0.04721192952021299
-0.1185307891201609	-0.05444250373246186
-0.0182106300661971	-0.05393475340818848
0.1049670677338949	-0.05097398207641985
-0.04691786927480635	-0.04713761910192073
-0.1758682034794139	-0.03779720223603777
-0.2243932486720546	-0.03352986757279389
-0.269572017405358	-0.01720298074027644
-0.2794767485303704	0.01191481270829266
-0.2681146504424986	0.04049544113059841
-0.2254390202899022	0.04548956190290941
-0.166395300310457	0.03641099576607711
-0.04317935590381919	0.04088598341799785
0.1060494560979917	0.05231376276771828
-0.01412704096898647	0.04775069635847679
-0.143307425657743	0.04798321505986212
-0.1859065625972478	0.04601752692785546
-0.2251704377767704	0.05612297650935152
-0.2412201129397125	0.08235430904444437
-0.2314985565358596	0.106419520413484
-0.1824366317393924	0.123407714841332
-0.1369127872798655	0.1207426752555612
-0.0105035528400738	0.1312203497961466
0.1250634119149905	0.1429932048720904
0.06119744576260169	0.1415646817663474
-0.0161881104872686	0.1465609853334578
-0.06639222939291098	0.1447873865014913
-0.1176501782279707	0.161279130726858
-0.1261829501820959	0.1842789266222512
-0.1104969534961243	0.2036366316379848
-0.07222171515471944	0.2148252431765635
-0.01294823011356216	0.2148432750824367
0.07362200293633436	0.2126566537932738
0.2184118910979708	0.2287534074673175
0.3096623985939829	0.2310054245958922
0.4067510210082472	0.2239962717113487
0.5051238092585146	0.2078409740557619
