0.5058931808958512	-0.08527501912125832
0.4245066635033331	-0.1775401582144888
0.3220186043245409	-0.22874798315599
0.1602951281084031	-0.2603429564124558
0.1104294792964416	-0.269937731178444
0.04244183573978903	-0.2830289414157925
0.02679876164546808	-0.2677039804427672
0.02898152780468404	-0.2400246345364985
0.07658714011746394	-0.1918650814559866
0.1352082895423596	-0.1716519486117929
0.2292248117187295	-0.1399297734786371
0.1956398333350877	-0.1266571026945105
0.1471252232248963	-0.1261219552094606
0.01212253484734757	-0.1671455992298357
-0.0913366987610085	-0.2035014340512092
-0.1384984203819955	-0.2149328347337493
-0.2016863544631368	-0.2139354829702514
-0.2129797324797518	-0.1991859416990723
-0.2128136826924582	-0.1756546682662395
-0.174942237902999	-0.1453457626817913
-0.1257637999100896	-0.1297662895258153
-0.02605873383488631	-0.08849895411172472
0.09936037183236572	-0.01971832257865901
-0.02949156836790166	-0.03652348234714942
-0.1498579308976696	-0.05593012045766557
-0.2005923052902462	-0.0609951086905773
-0.2601177541127335	-0.05458847823893793
-0.2760569826982087	-0.03040556780402965
-0.2709780080120054	-0.003109360263594332
-0.2040513713719809	0.01305814895611213
-0.1619948559859168	0.01927112798033111
-0.04897684690979061	0.04995852774557809
0.1006093329516436	0.0787442763497354
-0.00481520697093233	0.07208450380655289
-0.1024306134676111	0.06880652700513963
-0.1529741308303674	0.06518425974849677
-0.2203087130787518	0.06820909445836675
-0.2293959419998168	0.08853866260480078
-0.2212284774506131	0.1169052193301214
-0.1588330516498578	0.1321932363947629
-0.1075354484360774	0.1415985784371236
-0.004039216704552186	0.1558752030701902
0.1311697936770866	0.1762652064909127
0.07086260314866309	0.1989557814644987
0.005059150057419127	0.2135546837078686
-0.0372920955136067	0.2162104207199822
-0.08389386240701695	0.2312050776910697
-0.09153694604562045	0.2513545553821331
-0.08287455201337771	0.2722829261667474
-0.03157694879959733	0.281688268209108
0.01694985219123645	0.281162462992315
0.08622350920512137	0.2705193518863681
0.2175277672405833	0.2502132208910534
0.3010700767106851	0.2362145455920566
0.3875193612822242	0.2218313076210338
0.4813076570391482	0.1961794988759225
