0.5334060605602154	-0.08610125790970591
0.4504502466591712	-0.1591711216947219
0.3485709440186616	-0.2186261240910833
0.2143151992275713	-0.2639484334949754
0.1389160111992365	-0.2752497144483885
0.09218350174155603	-0.2904858117838851
0.07233720023254912	-0.2844279230087946
0.06715919235628512	-0.2534254091828395
0.1000081925425231	-0.2107801248032168
0.1825400418506083	-0.1735987844845762
0.2496675239632463	-0.1509320995760339
0.2202655523957021	-0.1365783739663766
0.1673982604868235	-0.1283602113737316
-0.02873021399410394	-0.1437021658286612
-0.1328919576964331	-0.1495525732267695
-0.1868324609783433	-0.1473902893167306
-0.2282297531130021	-0.1323825161762179
-0.2372351908939605	-0.1106203238199004
-0.2322394530787087	-0.09682912042768534
-0.1934648620794534	-0.07467390524054635
-0.1384503668586977	-0.07079137088117211
-0.04680848395056379	-0.05685431828667801
0.0926391197882821	-0.0216252896740814
-0.0388374949864613	-0.04285314269046793
-0.1590422412119732	-0.05432641385751465
-0.2170209271683868	-0.05841813985506988
-0.2562959274758528	-0.05221968336301189
-0.2734684753534173	-0.02057418241939418
-0.2661266224354861	0.002341686210175276
-0.2207723930923581	0.01600215277194524
-0.1673667098849074	0.02126062554842972
-0.04916781868849109	0.04005083814872351
0.08782829356277068	0.06764835730498757
-0.006250449195641748	0.06697796787562785
-0.118368550224768	0.06802455750277633
-0.1703031984775825	0.06286989997956824
-0.212552669368085	0.06884732385443841
-0.2266453702777083	0.09922070163422227
-0.216642834234012	0.1268038889844666
-0.1710786326868891	0.1374891043973858
-0.1190504490281767	0.1411608859869508
-0.006068328264200114	0.1491343657780661
0.115734169561424	0.1592309179621885
0.06317116582825238	0.162979893059147
-0.005739909169623076	0.1655862522960463
-0.06074334397718605	0.1617044985024862
-0.0925849660533075	0.168416434808432
-0.1030843401811017	0.1900843111930378
-0.09701539099281845	0.2099313932678588
-0.06206822989825747	0.2228462869853601
-0.008756862662518631	0.2295986961086803
0.07002646050946433	0.2351586664025731
0.220497198037371	0.2412982813782265
0.3266758571819885	0.2398325279089019
0.4162731225048513	0.2192672753015094
0.5198715634239242	0.1907310337300143
