0.5057848254761705	-0.07829943948054086
0.4146558661999847	-0.1745405003180969
0.3442456299391563	-0.2232988234737697
0.2187088554761735	-0.2804806417134744
0.1535439186537982	-0.2984218241641616
0.1031905830878376	-0.3133529359811134
0.07768282828518655	-0.3039369074697412
0.06991051456512112	-0.2737266594413562
0.1024266128789708	-0.2321668889285335
0.1675650302091938	-0.2023843225401451
0.2415545748789161	-0.1547955123093255
0.2089322558625427	-0.1430183081848913
0.1466800674219051	-0.1342843610977798
-0.005598160001521565	-0.158938945614345
-0.1069183467566219	-0.178734008757439
-0.1614247903538754	-0.1883468747667141
-0.2005503015701703	-0.1872569697028468
-0.2201639552630804	-0.1630005780644713
-0.2154636989961102	-0.1428441621236985
-0.1740212460499174	-0.1190375910493299
-0.1254420899659921	-0.1094468199992087
-0.03185217604170042	-0.08018268394076532
0.06942820678290694	-0.0426145193939708
-0.03548689770790472	-0.04048560464116263
-0.1712146744058471	-0.04495282377213166
-0.2156738594775375	-0.04506562345637741
-0.2559822174415554	-0.04160125834110748
-0.2726587468699537	-0.005492435285453928
-0.2643990401944796	0.0164536815344586
-0.2164201646799217	0.03020194660368739
-0.1719543126967962	0.02733786205778481
-0.03863194549507998	0.04247242889954522
0.06566516945502508	0.0563468220562168
-0.00726327056660241	0.06862031758658578
-0.1353249102821466	0.08135248816663115
-0.169105700163469	0.08068145422194739
-0.207646452207501	0.08651365644204154
-0.2177866030323906	0.1184915103904126
-0.2036194668439784	0.1434189359734718
-0.1668838876916615	0.1500239243429187
-0.1277583764753666	0.1489340192790515
0.002644580852849625	0.1462756267167213
0.109927478483629	0.1483064429417844
0.05887211556330475	0.1849336523625267
-0.006368048551914404	0.2025519131927245
-0.05260369402926047	0.2059941833488406
-0.0935609470139519	0.2313847139342475
-0.09478359769216786	0.2515322753893507
-0.08414276947352883	0.265779068823278
-0.04266489316498506	0.2717992980204619
0.007143487159205611	0.2642150112774863
0.08364246903377037	0.2448402359717357
0.2022217513956246	0.230309510026881
0.2875564325619697	0.2316913818467415
0.3824220415684546	0.2230304744782393
0.4689639453652967	0.2072151881261764
