0.3949980037414388	-0.0722260809599943
0.3361730471281342	-0.1375974110728415
0.2980115389513554	-0.1939900645711843
0.2490722388149584	-0.2786487120728756
0.2276888174906336	-0.3244815672275642
0.2108303339335877	-0.3634710662031448
0.1867263029780453	-0.3672432029960678
0.1679504926015667	-0.3450501104465989
0.1697774552608687	-0.3020461089419082
0.1845090743488518	-0.2469163617000981
0.1983058662602433	-0.1872373045707859
0.1709185710009028	-0.1289265883456072
0.1101258057307366	-0.1212898129620386
-0.01748354615623567	-0.1747441990799934
-0.09376885749908251	-0.2069971841650574
-0.140343578246606	-0.2224900661045316
-0.1651411424167497	-0.2228442549016786
-0.1804485229600233	-0.2117831431089748
-0.1794350366758224	-0.1878942963982169
-0.1583665876487286	-0.1693495864204124
-0.1136319363432173	-0.1506919816074513
-0.04669747411888604	-0.1132483728546954
0.02964212421134687	-0.04664870216885487
-0.07153318301474877	-0.02124993855980208
-0.1680537457057416	-0.01267054585609381
-0.2115403351344129	-0.008580859413339414
-0.2430225296274552	0.006268635282168887
-0.248158866307761	0.03126447176442979
-0.2416284148729096	0.04563204435874327
-0.2013841356511378	0.05153104562072903
-0.1590391016775089	0.04720678358533558
-0.06207549751844359	0.04226126494039261
0.02871217395890938	0.0443397210358026
-0.04386873022790441	0.08626922498875372
-0.1291542809342995	0.1208466751214106
-0.1647183717265483	0.1324866876965764
-0.1980321796952693	0.1505026428625543
-0.195652755926703	0.17349122808026
-0.180032140683181	0.189726717430774
-0.1488451971835229	0.1878510105310255
-0.1062066498134922	0.1705614166662058
-0.02142134078194977	0.1441654128828338
0.05786217743462695	0.1273026143762049
0.0342893747952969	0.1958711595823024
-0.009612078831266573	0.2365906425359179
-0.04092037313241498	0.2621308141171014
-0.05447945012399594	0.2877577708162358
-0.04794899868914453	0.3021253434105493
-0.03136918414880772	0.3079029938710448
-0.008778881152318778	0.2959677303024947
0.02683742907434149	0.272493747789629
0.07394488962728249	0.2277092804694743
0.1422438876057902	0.1777966024793555
0.198004013246269	0.1774099214624452
0.2622045329488951	0.1704733976628288
0.3239649534822098	0.1523805209862241
