-0.1357592009139187	-0.04812648381858303
-0.1299198945472271	-0.09082157672147542
-0.1167483612319508	-0.1389236741626541
-0.09108987136056229	-0.1909727798325375
-0.06670189726170486	-0.2278595814724632
-0.02790621696601529	-0.2590022778772978
0.004293016222493254	-0.2654039927345913
0.05167852977093162	-0.2494873966190179
0.07915925365714156	-0.2186974406329459
0.09719450543835831	-0.1797727448910221
0.1120171212745337	-0.133997034166352
0.1217704923368441	-0.09520079199958291
0.1283754210465051	-0.05369299655664451
0.0950508496444926	0.09208953722709862
0.07928701061124568	0.1070271240443808
0.06263770176736473	0.1122897498043255
0.03990534106898902	0.109176962583971
0.03188017756024686	0.09249037368047834
0.05059994559789934	0.08725990736799387
0.06619265383548639	0.08336105710948839
0.08275639664471376	0.08361784070704539
-0.1016865205180267	0.09179993963054256
-0.08330898389993251	0.1086469879913426
-0.06376788925163177	0.1172310068559726
-0.04496252373391676	0.1064810905854907
-0.0281848668728939	0.0929394175412278
-0.04673350379647466	0.08713112675587879
-0.06534635676197553	0.08546242059303534
-0.08402337251128322	0.08793317661438693
0.01585963063112847	0.1239861576024748
0.02888987453786904	0.1517917799433471
0.08255089167187593	0.1636651143030169
0.1159779189939499	0.1448608164540448
0.1229166300805397	0.09804220774602485
-0.0162754283896032	0.1262483385480806
-0.03639411267901206	0.1549202272655101
-0.09039746488309632	0.1651244676042355
-0.1201839647881022	0.1494807251772448
-0.1256894478589574	0.1038494248355311
-0.05622571776193985	-0.1021007416239662
-0.01287418794507182	-0.09314757494305935
0.0007122033434940028	-0.101218047151632
0.01402050561645767	-0.09135047745905525
0.05752176520702191	-0.09205624393701531
0.02085225800548723	-0.1312697500161174
0.002239436803807151	-0.1329385173185131
-0.01641618898909514	-0.1318475135086355
-0.01776834992673211	0.0889603118006447
-0.01592021450053761	0.03654215201388707
-0.03818199385174175	0.003072679601589407
-0.03973906981362062	-0.03007576156810536
-0.0220117169897212	-0.03808204774880222
0.0007420347795015614	-0.03634908462662029
0.02457383148397842	-0.0373598435423605
0.03982428585247912	-0.0191810562116529
0.03107180308813865	0.01104718535625214
0.01826389321850338	0.03569188240880358
0.0154019382132674	0.08671424138735399
