-0.1358139366728852	-0.04636314259458098
-0.1328496211525108	-0.08261002927796032
-0.1160017575708431	-0.1296990880733925
-0.09067447565466358	-0.1807755257065744
-0.06649490617311918	-0.2276889411790184
-0.03633204199006472	-0.2618874225818221
0.002922819511811467	-0.2818996253573844
0.04232205896513264	-0.2641936490911153
0.07392140013338228	-0.2271187215917495
0.1010636576604519	-0.1789758055964098
0.1248965034164307	-0.1239279658216682
0.1344005068809568	-0.08319181010682715
0.1397149119270066	-0.04255607523547385
0.1008597138392475	0.09200692032083654
0.07846331414723227	0.1082324783114836
0.0627525336018636	0.1078561001889279
0.03568780497807027	0.1002235128855491
0.02656233130938175	0.08743330264379345
0.04855739705877424	0.08796023136820282
0.06744380175104522	0.08701581653065515
0.08420191987188633	0.08741728538305719
-0.1003048628669751	0.08998137393452506
-0.08083936518357535	0.1086066535284006
-0.06310071498395182	0.1118252806360418
-0.04614189785046808	0.1038504705124823
-0.0310772040583297	0.08744926919884712
-0.04993012201068647	0.08699761589982008
-0.06570775035966854	0.08941333547715584
-0.08560805783773555	0.08893659020372735
0.01420503761098628	0.1220583255867718
0.03458413595135248	0.1462928799245851
0.08043493497280028	0.1571692078368348
0.1111769542383579	0.1425404327489679
0.126843650811263	0.1010104234373914
-0.02137259608723317	0.1198091852577176
-0.03873272563651139	0.144536451424013
-0.08930816401197658	0.155896426094394
-0.1172865244628791	0.1426545633003446
-0.1298991694489867	0.1004471164716063
-0.07963372449516631	-0.072954066079211
-0.01121933304451487	-0.0852835594450551
-0.0006117008689060953	-0.09061682371513187
0.0108091766400463	-0.08615264790262675
0.07760766202631281	-0.07477447260141043
0.02448146926960469	-0.1319209644436381
0.003667559641105051	-0.1380069221207188
-0.0184278391583488	-0.1343457473489474
-0.01438593374110195	0.09064283575114067
-0.01916525753597554	0.02767043039955061
-0.03971157754347368	0.01041604509202297
-0.04728800483490429	-0.02328967402552701
-0.02283028016777388	-0.03806904152434876
0.001460221836580517	-0.04586819843269463
0.02224068454297904	-0.03838609889306201
0.04599607437492546	-0.02384859645795178
0.03674746301156857	0.0122477497647105
0.02063534703011099	0.02862392069749657
0.01608849839256448	0.08718238439324502
