-0.09240128617939278	-0.03965223374538106
-0.08640839537621643	-0.0810910107583666
-0.07077300883872174	-0.147789285841324
-0.05356173179298191	-0.1956738887516564
-0.035562499632203	-0.2341516503558192
-0.01802985296055858	-0.25252188955767
0.0001662978936797727	-0.2561232734812016
0.03643418022037166	-0.2579640964982911
0.06821264159627176	-0.2397907411048435
0.09477585387915678	-0.2136911127800104
0.1338533627122973	-0.163159083484725
0.1617125349547358	-0.1061812171578223
0.1764352487845229	-0.04682580955374274
0.0897258424497972	0.0906490630510105
0.06728903214163602	0.103540624129544
0.05509605556542368	0.1086225757333028
0.03903576258746705	0.1069086523674197
0.02633477049550762	0.09051923697378803
0.03953348511472612	0.0854606544867267
0.05672394780933863	0.08183590260409183
0.06979824212069669	0.0821393048537086
-0.08435589281905329	0.09063300393441109
-0.07363524046953826	0.1056352355462948
-0.05763714244897881	0.1100301416511193
-0.04041557241475102	0.1050649036188706
-0.02800484237756218	0.09059945917773118
-0.0419292974325893	0.08357022805939548
-0.0559781628188008	0.08190298190925666
-0.07109496259452884	0.0828934092414181
0.006479649293210685	0.1222478108007292
0.01688922546834682	0.150655023628863
0.07409048584233065	0.1573473388285246
0.1107627475664894	0.1380800257999258
0.1259003814151779	0.09282975787978086
-0.02466635561117322	0.1201838082010038
-0.04238564863569783	0.1465970640672976
-0.08094493690253686	0.1604556847504082
-0.09776207742439862	0.1479944239520657
-0.09820784879392475	0.1238421053033564
-0.05397670192678268	-0.09106820440835013
-0.03703513019430901	-0.0839689680218713
-0.01972023721516001	-0.0929557044096652
-0.007869445079017347	-0.08329214874085615
0.0466568633357563	-0.09141535652161963
0.001047299316740747	-0.1206394207410396
-0.01696222629556393	-0.1250810040616083
-0.03214124098204138	-0.1214095944535435
-0.02344289334266212	0.110823653855736
-0.03386273234473917	0.03949706686739892
-0.04933201070661926	0.01231368647742493
-0.05163367088614461	-0.01858782992518199
-0.03733591430627538	-0.02764458202083314
-0.02423054142773588	-0.02868171649876708
-0.005122004247846429	-0.02823828352799269
0.01599798047714038	-0.02774817287843618
0.02332823457771898	0.003270037142328886
0.006583543252632572	0.0310471076736731
0.003555835607333231	0.1181563067140028
