-0.1907618269672106	-0.05316664870558079
-0.1743152555985991	-0.1183685729406483
-0.1480049335251595	-0.1609531658958103
-0.1112228326839419	-0.2032526539813883
-0.06295978158935302	-0.2438427211031926
-0.0152667493276138	-0.2634962425960939
0.01723378370929402	-0.2640082227682259
0.0449375901202424	-0.2423018829812232
0.06074239116013787	-0.206951507497704
0.07186454301831494	-0.153570154520295
0.0801490702609013	-0.11144052183808
0.08369175562428624	-0.08759844764643424
0.08891078497036237	-0.0483458842447102
0.08133997119753328	0.07576345892612815
0.07359175196888421	0.09091734438373815
0.06184476112175203	0.09897833407780221
0.04501391675631956	0.1013137051242505
0.03065744240017881	0.08974841396592503
0.0404240169677939	0.07744308826344976
0.05422736425857572	0.07083489415619876
0.06784069535510484	0.07120553099574149
-0.0951179785604524	0.09051443566810259
-0.07649678689827749	0.09940226132676792
-0.05675238672701068	0.1055270179310419
-0.04201590019273588	0.1031346258541119
-0.03217326137051837	0.08803778389994846
-0.04342623672546514	0.07795379785379221
-0.05700157682249613	0.07618738617509388
-0.07170006225208717	0.07718401408370221
0.02454749389911661	0.1217085300461461
0.03941916664917727	0.1528430830061486
0.07285283751545718	0.156546956804387
0.08886453612908636	0.145808470163809
0.09265211960524015	0.1221659388390557
-0.004849476677241541	0.123701775475353
-0.01511012906510115	0.1541520752211033
-0.07835884583579206	0.167794882170694
-0.1104033636367257	0.1515576196068976
-0.1345096246730893	0.1131876204283264
-0.04910986216188223	-0.09819811162480634
0.006086564780278757	-0.08552094224317906
0.02000391510228764	-0.09631641846738485
0.0335032428847654	-0.0917584891228773
0.05041009030803789	-0.09688541966999843
0.04081233921057956	-0.1292731835150582
0.01889758995244593	-0.1326634533063661
0.001990742811997616	-0.1275365331472549
0.00069039122856042	0.1126781825510699
-0.003426601556500259	0.0329482920598617
-0.02178177622917584	0.0142901590578088
-0.02816202416291655	-0.02080362334407597
-0.00373490322515911	-0.03270980070188307
0.02453892230146293	-0.03194001693179306
0.04032261400416545	-0.03430390817443157
0.05332787350593597	-0.01160097333979512
0.05237784306060055	0.02329323474834348
0.03912769470277415	0.04807494726496965
0.02376635992283103	0.111909640178509
