-0.1315473280301001	-0.03312146671020836
-0.1218402940499784	-0.08656106657320195
-0.1017023672486507	-0.156382185916958
-0.07554597174821689	-0.2069414682086666
-0.04850722786779129	-0.2396535440357396
-0.01438651341221945	-0.2572119467208788
0.009303308222146412	-0.2583888299252557
0.03292523124709876	-0.2513323864022408
0.06057458988444224	-0.2332644096040186
0.07887921993282654	-0.2056673796519426
0.1062795071347834	-0.157410838684555
0.1242104692176133	-0.08453101915386679
0.1289956557529717	-0.0405779416654217
0.09184230628418141	0.09497322309039831
0.07627529331238049	0.1099400915584481
0.05974663085303709	0.1166652104825326
0.04025408605763386	0.1082705917919927
0.0310904496045605	0.09584428427818949
0.04350105479980773	0.08908518922897282
0.0610025862597194	0.08922958601239579
0.07644511461920914	0.08935699494390192
-0.09860404158835637	0.09202963518851746
-0.08329740101339254	0.1086235334140619
-0.06070497392676772	0.1156714217773454
-0.04416504105966559	0.1075740898634024
-0.02860929849562339	0.09397943438521111
-0.04502469585568149	0.08698250974619745
-0.06354440228846787	0.0854574065103859
-0.07898693064795764	0.08532999757887977
0.01948288163762337	0.1300560222031514
0.0388283091756035	0.1562893333019766
0.07687455545477782	0.162092417775427
0.1089136238679056	0.147261452375491
0.1195595829451229	0.1048079958815538
-0.01753386794488606	0.1242614009755781
-0.03315750836000438	0.1460892912673069
-0.08579792924836263	0.1621225907166345
-0.1114448915505217	0.1509325931245761
-0.1265477569553129	0.1096390013451474
-0.04763697340961162	-0.09555494115790245
-0.01577904819562202	-0.08843054631147992
-0.001320730480233386	-0.09380047132539197
0.0130583067214249	-0.08956495967541532
0.05221332970543609	-0.09335878734407362
0.02052522554549601	-0.1210662481670909
-0.00210118612668388	-0.1239975296311651
-0.02168433290682851	-0.1214144990892562
-0.01729611814902985	0.09544506980027366
-0.02191151435254994	0.03090893629510526
-0.04120032432282427	-0.002185437562260333
-0.04097389582945971	-0.02962957659430573
-0.01827958664324254	-0.03493148909316697
-0.0007554428792600879	-0.03753151769964318
0.01771901885712267	-0.03051760470315461
0.03522048904113152	-0.03037320842528987
0.03704173221730653	-0.001539899694978746
0.0203433094742582	0.02576834698716148
0.01878172676168481	0.09025354782730989
