-0.09262646215846086	-0.01240689060882191
-0.0827799540599298	-0.06119223799611363
-0.07789645350596151	-0.1100701682975247
-0.06688456977636771	-0.1680982502000042
-0.05296893159500044	-0.2221016703127274
-0.03044065150260141	-0.2587390803163236
-0.003492277941613762	-0.2661773127130065
0.04410334371419311	-0.262642602734889
0.08529914475781851	-0.235404438518659
0.1172900627611898	-0.1937795939279598
0.1403969318751964	-0.154967505491507
0.1613951521004073	-0.1095772535209048
0.1730651298218832	-0.0431852154548539
0.08821119006494758	0.08758075186169947
0.07416667900420637	0.09525972427513683
0.06017149481304799	0.1002926107444041
0.04518371049457406	0.1053070121768028
0.02751428229129982	0.09438953512657131
0.04059086139916747	0.08536904464264485
0.06064037464213512	0.07515512444810672
0.07540603817967317	0.08204795921818027
-0.07864500884797267	0.08976241037623266
-0.0689410552763263	0.101854803662304
-0.05310875883390916	0.1047970938458048
-0.0391382521128283	0.1010872106865966
-0.02799751611545146	0.08938362534923165
-0.04072861442790599	0.07988174436981034
-0.05854613956285733	0.07690242448178455
-0.06656099959286317	0.08072339601990614
-0.007967197568556662	0.1334323204138133
0.02538648904158367	0.1552302557583759
0.05898695512780069	0.1637979019899166
0.08804390828382953	0.1497815244666904
0.1226561976313381	0.1041051001067677
-0.02687603418045718	0.135726607502211
-0.06404658788869047	0.1588560283325909
-0.08888636363069645	0.1597161947431165
-0.09757301991168595	0.1463192835511852
-0.09775124883320765	0.1026409015518094
-0.05717515330764577	-0.1030662354855711
-0.03585609018690617	-0.07487536078022766
-0.01682388408122736	-0.08378476325257135
-0.002156912934720881	-0.07159979671534721
0.04404576910527568	-0.09985473708060033
0.005353413115820872	-0.1548394338024754
-0.01636049650544601	-0.1618618813748587
-0.03529398086386296	-0.1582446002720375
-0.02397775192139487	0.08681161814004464
-0.03902034533246007	0.04153246402765708
-0.0504133831501115	0.0135267356409537
-0.0530457010836561	-0.005051179552687049
-0.03877905902801626	-0.0246374076781951
-0.02086284297135675	-0.0269501407842647
0.007028785072426932	-0.03172385180039929
0.02363160935972155	-0.01685580007270282
0.02217011992401781	0.008263181309796695
0.01301456338601566	0.02000379543335972
0.009869492722571805	0.08214902449172294
