-0.1424390291710946	-0.05616556738949949
-0.1384439881347424	-0.09211117270805047
-0.1284759260319224	-0.1358039579057458
-0.1104129080111512	-0.1699996102446198
-0.08409050144702153	-0.2072169404226718
-0.04604819384957849	-0.242715181805057
0.003323299155622998	-0.2467619139250363
0.05024393107145134	-0.2430151285149553
0.09319004802432698	-0.2048875632823711
0.1091331627392505	-0.1671148854399311
0.1263325957217187	-0.1355861741895699
0.1351697736500228	-0.09321141610367492
0.1392902147580506	-0.04933351506886006
0.1034541065750487	0.0863623350838631
0.08569951185875738	0.09708499460332698
0.06800665979106366	0.1031130749584703
0.0504782421851282	0.09662220485749883
0.03183749423619394	0.08542132886436878
0.05068385721135062	0.08097358179959073
0.06957134343659874	0.07339609148881569
0.08950953397437407	0.07522317611830218
-0.1008910956819772	0.08837273246754004
-0.0904480760715471	0.09790077594338079
-0.07294025457109851	0.1059564822687342
-0.05520622209197001	0.09679874095830758
-0.03625701559296817	0.0845266012980958
-0.05374431010184157	0.07490599959763675
-0.07244677832452961	0.06839977295394335
-0.08900673781206173	0.07757294099220813
0.03925386074355851	0.1465590381728404
0.06730756805918453	0.156318442270698
0.08724568825881419	0.1581455609215378
0.1085430163767846	0.1459043559365113
0.1253291538928481	0.1195175883987531
-0.04649241284273509	0.1485626472566262
-0.07240358904836133	0.1544827080258429
-0.1041850025594512	0.1603256717787205
-0.1134540078699211	0.1508130892051004
-0.1283875761558789	0.1255747057968119
-0.05959803539067016	-0.1051613944853469
-0.01280080801161538	-0.09202539144287226
0.006024993950612724	-0.09490831347069036
0.02120533529938395	-0.08844828426070947
0.06592181099291664	-0.09568646454865727
0.02647722281909058	-0.1322028447185221
0.003016941418132171	-0.1340762078482006
-0.01578836833902047	-0.1327581933010856
-0.01969705518726051	0.07535336338077323
-0.01912133244050897	0.03153716757398841
-0.03984286808569917	-3.781068308437562e-05
-0.04184143349296734	-0.026671329866022
-0.03345865190631565	-0.0390822371371326
0.004193021744169427	-0.04484806862808353
0.03576882022903691	-0.03504240932305322
0.04491442054364522	-0.01614057417751043
0.03875631067738398	0.005690391616984563
0.02666634958078513	0.03213879465674403
0.02137388924861107	0.07745819164499693
