-0.1413434879656974	-0.01398440839708675
-0.1381532683962202	-0.06728070580244742
-0.1268233928989361	-0.1141732838085388
-0.1061278548078282	-0.1577810168520434
-0.08310315773332388	-0.1997830970195789
-0.04828523776803688	-0.2431693194938362
0.0002367938545439164	-0.2596673431149951
0.05420031652179464	-0.2478378959710994
0.08536057706121102	-0.2081239289706146
0.1069828407513512	-0.1607145215528569
0.1332388351387384	-0.1085254225599626
0.1418172342059512	-0.05504454326110098
0.1492926303437471	-0.006288037126185
0.104321728082855	0.08400923371238612
0.08769803738125141	0.0931625103450518
0.06759292919448899	0.09912323195480084
0.05119066139885727	0.09415897144238922
0.03368530913550337	0.08447032480980605
0.05141208558656769	0.08004135257590096
0.06801117423134463	0.0724566600496112
0.08799326920428578	0.0743390457635377
-0.1052584168399635	0.08699818249716729
-0.09243594138128472	0.09504433003186794
-0.07485678020086835	0.1000270492280148
-0.05713003877326588	0.09559807644479321
-0.03932944173065185	0.08646317695755736
-0.05445647521453342	0.07524286248743502
-0.07206020342831461	0.07182872794698077
-0.09211610621968515	0.07465219962256733
0.04106228244181734	0.1395013539789162
0.06445191502040355	0.149282279425999
0.09505033748518225	0.1497621925688284
0.1187352728492539	0.140719596160594
0.130823737406503	0.120512106200336
-0.04607488532197871	0.1412726950081038
-0.07331493982062012	0.1518285253839609
-0.1051886783185597	0.1576046649171035
-0.1203894844143035	0.1510901967113235
-0.1329905590342463	0.1289264299439235
-0.06947692209285208	-0.09287677101444151
-0.01291367962428778	-0.0966966226152715
0.003636273672020916	-0.1011440641087655
0.02001393922772065	-0.09461120781549065
0.07753261586989739	-0.08429498241541367
0.03717888927863419	-0.1382742337239453
0.006777275988513531	-0.1513031000885816
-0.0251456551316975	-0.1423897804850945
-0.02375957172894213	0.06944826518608495
-0.02527680877062516	0.0160781232023522
-0.04376223356961842	-0.006177935152667762
-0.04567311377443598	-0.0344500776630993
-0.04076884762240664	-0.04692520965550863
0.001868904783574919	-0.06351558213809061
0.03923335066364125	-0.04410145395928677
0.04492079717350259	-0.03146014056778048
0.04212423207543615	-0.0032618191036409
0.02763283372566213	0.02004600433883723
0.0221381028289311	0.07016813554119833
