-0.09629393829634812	0.007098127688178905
-0.08139453583342983	-0.06144022596504389
-0.08016541445151518	-0.1233000849997637
-0.07462090970178781	-0.1621361356543699
-0.06786239073863905	-0.1994709180339111
-0.05393204510346108	-0.2308849867737304
-0.02085816159659346	-0.2459959210645794
0.03599079962591367	-0.244972117793538
0.09413041324220263	-0.2084515290330309
0.1440525605217195	-0.1747229457328729
0.1804727356921362	-0.1296857969636218
0.2010191077133974	-0.07479919674843408
0.2191375338000432	-0.02291507857527228
0.09894643856879352	0.08344989654810313
0.07832883049241679	0.09038098712366621
0.05886908978176771	0.0972700481260996
0.04480604892078989	0.09314524103081202
0.02820276550641915	0.08293127579301902
0.04407656865557447	0.0730818243470826
0.05890474654967604	0.06636116106698341
0.07864505839210958	0.06718884826850213
-0.08637255696685446	0.08864243930036374
-0.08030249174652825	0.09614861986750391
-0.06728510851136463	0.1034022738130037
-0.04782540267723905	0.09651320257715311
-0.03310946397042119	0.08670586110843789
-0.04734084533880838	0.07795106481953278
-0.06846350083340118	0.07099210824540581
-0.07981796928462108	0.07758647187646618
0.01870005182450044	0.140455773252447
0.05052427625396434	0.1547524688143211
0.08195577243896009	0.158245781005432
0.1091279209994936	0.1402586902175839
0.1312757091635918	0.111636604800771
-0.04769265001994538	0.1320520763241238
-0.07028938428213377	0.1483274255962485
-0.08638767770978238	0.1520035095962815
-0.09819104673152468	0.1462511239258464
-0.09666086372041301	0.1245602094886877
-0.06079743182890017	-0.1008235699480828
-0.04088877947905718	-0.09536589355294632
-0.02368874798993032	-0.1006274551314416
-0.01304323275948114	-0.09483298287401004
0.05036032846681262	-0.1048651244718956
0.002978423740688606	-0.1325045496295478
-0.01797586576813414	-0.1348334489275189
-0.03396193400056092	-0.1280707552390352
-0.03350226071505474	0.07590249172973641
-0.0480347143636834	0.02697877423349482
-0.05935359496478759	0.002664253311202375
-0.06163375938957157	-0.02816042193875289
-0.05055983408601245	-0.04247139677343477
-0.03121235595287177	-0.05244714661552833
0.006233023728233072	-0.04299096193888886
0.02195901090866061	-0.02501821892401397
0.01254800038904527	0.003140773487228223
0.001137428111936471	0.008191757195494342
0.007136225324014008	0.07751569872405926
