-0.1230010621762492	-0.06277109972246925
-0.1217321871465906	-0.1096290906454365
-0.1109295468934586	-0.149606673756088
-0.09274162114473469	-0.181045565995629
-0.07782865869101964	-0.2107480919447683
-0.0479584740025831	-0.2369646582901683
-0.006488314880509747	-0.2428661263836215
0.03930095286878194	-0.2354895598463353
0.07486988159375045	-0.2123152917716231
0.1031800714416021	-0.1795839678495123
0.1260667800803409	-0.1434580592936853
0.1467227351771155	-0.09058126449270278
0.1574493639784903	-0.03399659268065466
0.1035343044970582	0.08592307489658937
0.08901683247738618	0.1050371075929035
0.06986707213714129	0.1063688808716298
0.05132157670596466	0.1001151279694103
0.02918790398585693	0.09109350772765815
0.048942141550269	0.08217619350249709
0.07228454134347823	0.07602669152160518
0.08949463831490367	0.07935596334727811
-0.09474476258541494	0.08311667758943041
-0.08489772856740091	0.09450146119138188
-0.06399495998752887	0.1021000090743438
-0.04853775951094175	0.09649895196701853
-0.03103652037963237	0.08773832289388586
-0.04559820204247826	0.0736639451501496
-0.06608332003021389	0.07207117837141096
-0.08646399568517343	0.07197988006847808
0.03357345626755359	0.1541539974488706
0.06788937316341848	0.159311027444009
0.09830377926033113	0.1571958524962018
0.1226681951250552	0.1494665984444083
0.1269209139334415	0.1129619833557478
-0.03812438288971174	0.1485793254336521
-0.08163862614155401	0.1576403574269579
-0.1032502105995353	0.1561259197183616
-0.1281588837275651	0.1397537511805185
-0.132000183408742	0.1007946170020692
-0.06918413067852795	-0.1027226437972297
-0.02214181990808906	-0.07732887503519935
-0.002387593518155812	-0.08624618848322942
0.01196524662279141	-0.0751747731485866
0.06611757462148625	-0.09402781079062619
0.01598703128054507	-0.1312764612718607
-0.004811372410772076	-0.1373735240646211
-0.02723613685828651	-0.1343053255145747
-0.0181233534140291	0.0943837770192113
-0.02947649201561076	0.02879043029498195
-0.04793967097153707	0.007443880354605704
-0.04787952690063501	-0.02424304421811196
-0.03181796560745558	-0.03742970154743536
-0.005200636042674038	-0.04531556748733594
0.01939479374829674	-0.03344773159547515
0.04173729866473121	-0.02142328303837627
0.03931981828391534	0.008918907088779363
0.02909942231542186	0.02471675855721687
0.01719239937769235	0.08136681566409855
