-0.1470831384908209	-0.05552943553061643
-0.1372285172613262	-0.1023435365185738
-0.1202584093452153	-0.1530643559826498
-0.08518896325589466	-0.2021370192465473
-0.04435090420164439	-0.235004571205364
-0.01497291417944901	-0.2452465673296656
0.008296324845897575	-0.2515648940033071
0.03639547666895315	-0.2457209302509428
0.06335177502725851	-0.2318423682655617
0.09600861324152853	-0.1977329655670744
0.1145932417492567	-0.1652036722702672
0.1369328234346926	-0.1165032527218099
0.1528690049196676	-0.04643421408857405
0.09927850666185704	0.08554834909950239
0.08189115307724565	0.1013622116674167
0.06665340642782755	0.1091585571486039
0.04862209125858202	0.1034846806838716
0.0317109039331423	0.09111819179518808
0.04791011631972157	0.08602268205903249
0.06406391910096394	0.08361104474354054
0.0811791776321185	0.08390024300432475
-0.0981409174515819	0.0875817625223036
-0.08328863820391653	0.1025980515930674
-0.06830034206629219	0.1095628496922114
-0.0540694000048514	0.1017494921316997
-0.03981572301023947	0.09259418887987375
-0.05484939879145385	0.08831326370765973
-0.07091250355905497	0.08535723405475046
-0.08402331811420108	0.0864779991658092
0.0270035584823526	0.1313077574569508
0.04380137312198544	0.150383840043385
0.07098441786443804	0.1508431547097704
0.09729669538963724	0.1432339367009755
0.1210194859254839	0.110077186312619
-0.02946677877492103	0.1357228019082127
-0.04589267660962012	0.1542375000524031
-0.08218206180070763	0.1563089043879372
-0.1082222845589573	0.1478150808675096
-0.1198274542698107	0.1194306198209422
-0.05485404438401642	-0.09021324768457924
-0.01689118872391553	-0.07212180715672692
0.001366872323210676	-0.07986714804924319
0.01132127484891939	-0.07298737819115261
0.05291671810985595	-0.09107678397129561
0.02316680129547796	-0.1184255687463742
-0.0007917984263240961	-0.1309111384777073
-0.02110882696845235	-0.1205160283773913
-0.01551699473750064	0.08495094772496292
-0.02058265578513746	0.02714627826830698
-0.0365097137010324	0.01613875815004453
-0.03800175784350514	-0.0147594401183761
-0.02363476842409163	-0.03062431810598813
0.0006639601861583293	-0.0382675792353969
0.02469064334168554	-0.02980775871783143
0.04263126032853435	-0.0187662052974486
0.03595569499511796	0.01870548342198837
0.01964317983347484	0.03051058803718356
0.01374762259888774	0.08141854529841211
