-0.1496839067813769	-0.0541602896410026
-0.1385379882754447	-0.1084035134045931
-0.1204383007688119	-0.1626187257017615
-0.09443412988779908	-0.2062093493153754
-0.06152422602714968	-0.2378551917124814
-0.01971105942923398	-0.260196490023063
0.006133126945399759	-0.2640647673436394
0.03690165047097711	-0.2573203776714378
0.07057573315641365	-0.2320268344295704
0.09527726904847603	-0.1988248653495298
0.1159625863581368	-0.1550462904589795
0.1415561764662463	-0.09668284476103929
0.1492687137582295	-0.03839140293604192
0.09314817061735055	0.08319985199658857
0.07818866291441472	0.09770468916219892
0.06327176055361748	0.1016169096170041
0.04441860708857435	0.09624459712719906
0.03254055998431651	0.08560393861500885
0.05342848681172978	0.07906756043553907
0.06535985212450295	0.07646746308892387
0.07826330866823872	0.07916756592044562
-0.09758857839355865	0.08375586482275364
-0.0827410193743488	0.0970566534723868
-0.06884952601652557	0.1010848802992074
-0.05194050486810708	0.09585657583306338
-0.04096517549461644	0.08398387736484816
-0.05585541869163269	0.08127570510856287
-0.06976290750010583	0.08121970208304653
-0.08366509413443547	0.07983964404696585
0.02642558580044083	0.1239782386990526
0.0422185567017292	0.1491997384120501
0.07798072146073232	0.149343746396029
0.1008660988926501	0.1401672096047857
0.1178763657525584	0.1097814086566219
-0.02524685022810563	0.1277424707562239
-0.04023307630093757	0.1488677201037486
-0.07598985997076516	0.1473996377177458
-0.1008087159399995	0.1433274083124886
-0.1215526536720013	0.1141136541457667
-0.06714164234933039	-0.07633763812435766
-0.01652660646315092	-0.06421691617054455
-0.001593698836927494	-0.07210135053251317
0.01327521721160189	-0.0640969094378644
0.06497425311844997	-0.07448149502638544
0.02839467016181191	-0.1183241324730748
0.001610384171794756	-0.1277006803134956
-0.02523789359432712	-0.1211883034250067
-0.01719308551799344	0.101292891752257
-0.01499835721261967	0.04966185467089831
-0.03380885582513876	0.03369686654194802
-0.04159602889744107	-0.006057481564989078
-0.02660981267906763	-0.02718273095219605
0.0002651143566946705	-0.04031549073699898
0.02407453686627726	-0.03227498865849246
0.0418756714765399	-0.01234184583201906
0.03875150691177433	0.02339628586868222
0.02376529069340077	0.04452153525588914
0.01758633458787865	0.09878476010852449
