-0.1246081597211416	-0.04544898739605364
-0.1213590741496077	-0.09088022693448242
-0.1098269639091457	-0.1417922414672132
-0.08588394718201763	-0.1967944126365336
-0.06098956030115787	-0.2270070000869789
-0.03406523492439513	-0.2461966353712424
5.453119167797733e-05	-0.2543463143054881
0.03102054957099932	-0.2459821228882015
0.07020142402121868	-0.2224434825215359
0.1227265446124867	-0.172697420457783
0.1618257377372552	-0.12437252940729
0.1741277018312413	-0.09541441340190263
0.1802038001297359	-0.05821468456509266
0.09915854949847062	0.08197505688919618
0.08155485900165985	0.094310292723081
0.06499339907335851	0.1038949058187375
0.04743510303267769	0.1024600024363716
0.03611181122089704	0.09002942782997306
0.05164013788529838	0.08044141993851577
0.06922112597916702	0.07499126906850162
0.08265154026966406	0.07503553359630993
-0.09818306012250329	0.08683275534365083
-0.08789281955346484	0.09925992517604364
-0.07137673358444839	0.103445451364192
-0.05276264290439304	0.09799867469180186
-0.03723427521252422	0.08841065668703081
-0.05270818192269845	0.08147452808861354
-0.07129504204435214	0.07865921096256444
-0.08679616899695104	0.07998515569951863
0.02151217260146731	0.1312921659622656
0.03797379769012077	0.1520018080083346
0.07309940515626551	0.1521175764719753
0.09999199238356653	0.1425670233914292
0.1238669226351537	0.1082200354423169
-0.02912826923094873	0.1366333580855363
-0.04365983152192868	0.1572408822185758
-0.08086530023067479	0.1612493506332628
-0.1014866066419546	0.1487881312368452
-0.1127509298134263	0.1184564011251353
-0.05728374107957061	-0.09755417378182192
-0.0273962197087887	-0.07542322759433105
-0.01393410826252017	-0.08501804540534867
-0.001563996303789456	-0.07671508167223856
0.04707370674452607	-0.1013412891161943
0.01099211904936388	-0.1248696532312039
-0.01068044336096821	-0.1318262731126151
-0.03342696447728918	-0.1263931162793456
-0.02072727636724897	0.09535022093983023
-0.03187810835862735	0.03059316842543852
-0.04318783623465162	0.01403157749620208
-0.04514512932050926	-0.01902357687184773
-0.02959858744871235	-0.0341196505090756
-0.0130371172719885	-0.04370426357095504
0.009668527329016669	-0.03674430030474218
0.03236968463314379	-0.02840728707516169
0.03119132207346582	0.01565371248701403
0.01773367719078993	0.02387155200606755
0.01233218761972092	0.09545917972035084
