-0.1764595623289218	-0.06869679708664768
-0.1595438150470606	-0.1290247675955435
-0.1397157933495245	-0.174906268349115
-0.1090976479698707	-0.2063184860682636
-0.07257873979125408	-0.2350884207353741
-0.03610555022466481	-0.2481079614989568
0.01116921463499383	-0.2505958103137808
0.03576464481535234	-0.2426491630941479
0.06032197765281944	-0.221577143658417
0.08089460363608127	-0.1847660980688941
0.0926390277027828	-0.1597936542310415
0.102402506165069	-0.130889347140824
0.1111088146328726	-0.07704971445065083
0.08600279924425044	0.09088319792513037
0.07414786481815594	0.1039742425842898
0.0623120328046594	0.1105025964071164
0.04755247459436911	0.1065221301715245
0.03085399600796769	0.0920356347002782
0.04564779185699049	0.08420331757000371
0.06140735935207391	0.08293653114005579
0.07420883604896852	0.08297369788032043
-0.09810398119896281	0.07722322412771532
-0.08238639980129994	0.09039431076215061
-0.06469166392507023	0.1009460548131986
-0.05089018765520027	0.09573594932248158
-0.03609633313821345	0.08790361282529337
-0.04887881496153695	0.08130378424234418
-0.06659253597115859	0.07731471183088234
-0.08234448214038376	0.07595645703631985
0.03467478390150061	0.1327356296584111
0.04642678047972015	0.1550830223614073
0.0769572796477231	0.1538591108544978
0.09372440951548193	0.1447199814932701
0.09969757584601779	0.12242405055063
-0.02045495608142888	0.1273254047894024
-0.03824495955189016	0.1495870277121846
-0.08156930420894436	0.1481486922085188
-0.1051686137739555	0.1362672638660105
-0.1218252040050616	0.1073429145838501
-0.04147889922831696	-0.09324325153794957
0.003746376171151006	-0.06817360218742154
0.01656315415936532	-0.07338652749455089
0.02738379270578784	-0.0694174971899485
0.05696763235214595	-0.08376961066807555
0.03931869332134955	-0.1100717777013828
0.01768503766780743	-0.1206349186092591
-0.01090648239939783	-0.1089050167706897
-0.01052000588256106	0.09716570795589827
-0.01131041681062152	0.03022359433524225
-0.02603181903841732	0.01311774628517912
-0.01707018380495204	-0.02098239095455048
0.001647347554018799	-0.02355315046048664
0.02528095345408762	-0.02348453461929874
0.04496032846026176	-0.0181772040788258
0.04783446662905112	0.009394579167910207
0.04283843572374862	0.03431842016434164
0.0309835598238124	0.04740949429928887
0.02494180090824453	0.09333102093894902
