-0.1493605105779868	-0.07298287108700323
-0.1382644093238169	-0.118094497755319
-0.1191784993114009	-0.169820798703952
-0.08518232095964871	-0.2108790295781022
-0.04324506702627202	-0.2426182349590454
-0.01531942570784297	-0.253155350815977
0.006604805662163202	-0.2557439222623253
0.03148093994180898	-0.2463731602324831
0.05731275257469842	-0.2237213123799823
0.08313231303303831	-0.1970861361466812
0.1109158760210896	-0.1611502251637933
0.1327100937765721	-0.1212491975469365
0.1454777610878224	-0.06145858269625235
0.09421744896268697	0.08709962132317599
0.08023026197207019	0.1003349451400883
0.06527129046527123	0.105600456343946
0.04835237745880762	0.1002374467186049
0.03543850155160029	0.08824766434009014
0.05438227409183242	0.08299434063915544
0.06833291150978454	0.08170919036029976
0.08327569797775398	0.08175489283132113
-0.09704596502302427	0.08518682443653683
-0.08015550908492278	0.09984440570357254
-0.0652249058582158	0.1038735158242041
-0.05026180417651138	0.09728022863446091
-0.04027560310703458	0.08934388157873081
-0.05619829615127947	0.083983938653879
-0.07014087071139341	0.08261348694569885
-0.0820950860507523	0.08257692501119612
0.02731876832979526	0.13735186878055
0.04819805665468772	0.1506938612623778
0.07608714830977849	0.1521069485899672
0.10003216808978	0.1402298990418141
0.1150683098052324	0.1097362053016814
-0.02647116434243556	0.1358595440379594
-0.04845625250492723	0.1583651143850869
-0.0862991157682336	0.1542659172983522
-0.1071946385729538	0.1462351482224357
-0.1190513881635604	0.1143313843839799
-0.04969325401575522	-0.08861176929572526
-0.01588797577792549	-0.06726338253225519
-0.001921094149113529	-0.07385970677602359
0.01200117498874663	-0.0658502357303898
0.05191351024654885	-0.08697315737717828
0.0201046640601408	-0.1096432859702464
-0.000798990868174744	-0.1150184236242346
-0.01776257568874342	-0.1057756282593662
-0.01537503323022955	0.09074784828523387
-0.01919732228481543	0.03762369405519529
-0.03409138563966533	0.02164435107335367
-0.03698250102257639	-0.0102319518687234
-0.01403368141025953	-0.02211207793907158
0.002929903440533684	-0.03135488318609485
0.02683019217395059	-0.02862614768969518
0.03773951396964329	-0.01265905132235805
0.0336451331212786	0.02317937093985395
0.02064191364631023	0.04040117877744884
0.01551888358603747	0.08685892197896335
