-0.1457388030832275	-0.05818304053806318
-0.1404561283145052	-0.1026690699265568
-0.1283282990745608	-0.1431690749696598
-0.1072705640194413	-0.1940725948420254
-0.0804155490883063	-0.2331405605279948
-0.03990285990423949	-0.2603076985750166
0.01033725297986453	-0.2756066753951913
0.05046904572369548	-0.2569373747908395
0.08753356198744122	-0.2238868158360523
0.1087794527655583	-0.1791803591601691
0.1309970271870704	-0.1331561485909204
0.1414458951866838	-0.0898490753357495
0.1479536609079458	-0.04526513702372185
0.09380837486576071	0.08525532814048195
0.08195255729603797	0.09301503470322385
0.06813171675076787	0.1007584137836751
0.05047864797852072	0.09668263463057648
0.04169017511647868	0.09006108340978956
0.05548925235326507	0.08493693247692198
0.06928838798986091	0.07981279177677401
0.08306570199915035	0.07730785924469097
-0.09583280401192477	0.08498929868176466
-0.08214254315558356	0.09296126899321766
-0.06547199090648326	0.09702890385827644
-0.05267718351156789	0.09451580762554149
-0.04082142442264117	0.08675610057687957
-0.05553777682914651	0.08401440288042357
-0.06831082091557816	0.08390827096557468
-0.0801012901600404	0.08381030331828448
0.03243384972431274	0.1397529232277756
0.0500107372915475	0.1529959861962319
0.08344971815663559	0.1493447336497019
0.1022159317129817	0.1377133275974684
0.1142893238057589	0.1037613488197678
-0.03635490219308304	0.140491033885225
-0.06102723198540874	0.1533830653142056
-0.09145330593787682	0.1492011643170042
-0.1110388304948738	0.1411801904453475
-0.1186488687283523	0.1109937793232764
-0.07288937638687784	-0.07460389395189905
-0.01998453955661513	-0.05582846143269843
-0.002233536341618111	-0.06353915533633048
0.0144043713091968	-0.05554272211049306
0.06172954096382881	-0.074795018200707
0.02778677763847975	-0.1287749004345828
0.0003082630022513256	-0.1329323684866779
-0.02429870879900126	-0.1278980014399432
-0.01521010488610943	0.07911068922470517
-0.02458935471859124	0.0253348870593698
-0.03833402396762182	0.02391100173707547
-0.04095522121582636	-0.01540187364426694
-0.01829149925385144	-0.02307180598668856
0.004415748920157519	-0.03598014589028099
0.01319334049239777	-0.02804902445629932
0.03870672493828606	-0.02390788477734836
0.04430815501746693	0.01150066441847929
0.0304329065654275	0.02579207000729306
0.01921144123612203	0.07546758137114846
