-0.1403208277506031	-0.05173526819492959
-0.1320362591816248	-0.09635486604562371
-0.1226427197315536	-0.1356046452394341
-0.1060270982541913	-0.1669010209811137
-0.08531970788587975	-0.1955770227350914
-0.05462875656632622	-0.2311728462626947
0.005690598096449302	-0.2497915610967823
0.04944352996970115	-0.2344197292650414
0.07825802367657557	-0.206647441381867
0.09809957040613887	-0.1719738355970633
0.1179902855636383	-0.1346060683648518
0.1309047617483677	-0.09172084721950736
0.1328249919135708	-0.04189734927598956
0.099984433259935	0.09749740206122201
0.09007461538237248	0.1084584912530393
0.06995997926824266	0.1142157107949032
0.0516453249401015	0.1078122911400964
0.04124382314911243	0.09183178590912387
0.06032326061792355	0.08474596445144035
0.07447234282756714	0.0844877437981613
0.08867065307011196	0.08692365341754811
-0.1014052693216073	0.08634997461362683
-0.08900703164475822	0.1009464949994615
-0.07475961239627409	0.1060766072666433
-0.05765230737142114	0.101721805896464
-0.03773433421151971	0.08518798048457948
-0.05609813709927539	0.07609038899078402
-0.07441273054167592	0.0696870083407486
-0.0905585584798564	0.07132922404777817
0.03813543192769321	0.1430945905583891
0.05977701166927686	0.165607616385551
0.09428663228660021	0.1730629823296402
0.1182226117613857	0.1551082939301359
0.1266547047506225	0.1185711299275058
-0.0388460196240133	0.1350668008376109
-0.07084263613659811	0.1545161302077002
-0.1041203134854725	0.159166050790866
-0.1235193452784493	0.1487398479045099
-0.1272888164372845	0.1083827992800321
-0.0505423946742416	-0.1180550843390062
-0.009575555558423229	-0.08915708239219707
0.005584201876827698	-0.08943374786141133
0.01682422933326229	-0.08290124640167174
0.05675855279448483	-0.1105805650368516
0.02905307135205797	-0.1329829648155007
0.00361474312981945	-0.1419514061545294
-0.02061624581477581	-0.1401616262856041
-0.01680569640055971	0.06863568036279338
-0.02087017776107646	0.01211368310515738
-0.03344050539312231	-0.01191242741071716
-0.03188631433781519	-0.03754380457975379
-0.0136454340751277	-0.03518170192245888
-0.001689741411799458	-0.04483258388616783
0.01766009205927463	-0.03710053187267104
0.03595016208196369	-0.03204419795439047
0.03962126612502401	0.002924518298530621
0.0318556699147445	0.02058413743030418
0.02270797187248275	0.0733046837585752
