-0.1394267576393735	-0.03655564312173121
-0.1360121713004974	-0.09047265801952246
-0.1223524875988504	-0.1323864775971096
-0.09653663294966137	-0.1717479752240867
-0.07381472010114175	-0.216461148841258
-0.04282146828934397	-0.2451074928149868
-0.002577829981420849	-0.2603921064328963
0.04711994464342791	-0.2448074003700004
0.0717457672412435	-0.2127677247425526
0.09941849594569382	-0.1794165465269213
0.1272793205770013	-0.1299043934708779
0.1399684393477185	-0.0815625560354266
0.1405484328881084	-0.03173286726523954
0.1015431598790255	0.08994492684141284
0.08351271435091333	0.1036241127259349
0.0663829065514028	0.1078642664231179
0.05618484663264123	0.09990139485262668
0.03690883176082828	0.09339111330609866
0.05708555487349885	0.09046239191817321
0.0752257289502427	0.08621044797129046
0.08736620497780116	0.08741607571854557
-0.1036309734790337	0.08694534675222557
-0.08841224101426902	0.09215591607693455
-0.07617770198851176	0.1014420310693983
-0.06007397659922819	0.09586687342008857
-0.03290286391709717	0.08612210567482084
-0.05524143028295266	0.076953576637529
-0.07544946445012884	0.0771887884072632
-0.08956371729023069	0.08004693554109843
0.04149914112650801	0.1404802498708177
0.06890531608392468	0.1509367013468888
0.09331174230688254	0.1641219425149688
0.1204358282681743	0.1503369110424041
0.1272264363139844	0.126013135385549
-0.0343907005142642	0.1319350518946844
-0.07465001369581052	0.1458729710759088
-0.1028785493288897	0.1515892757167543
-0.1191860361954633	0.1396567038332213
-0.1317027242397613	0.1061291166152919
-0.07226284543000937	-0.08313305725444382
-0.01454456945592268	-0.07302945408583948
0.0005644348102051925	-0.07724609662922928
0.01270492051094889	-0.07604049906817956
0.07834967621211007	-0.07949837625075362
0.02505637325048815	-0.1435307547306384
-0.002302835941824914	-0.1499470119416833
-0.03253649906801364	-0.1428604014785584
-0.01798199590387692	0.06574446871131863
-0.02467141627541384	0.01194508965126989
-0.03892674857804363	0.002682505742294787
-0.03830825951798779	-0.03099796860096948
-0.01817860275221715	-0.03796691315681151
0.001951053313563596	-0.04493591785173439
0.01930028802413216	-0.03032159734682422
0.0415448314845094	-0.02923355602140082
0.04692598045122305	-0.001010642649104434
0.02794780986792921	0.01806727230272879
0.02150205313511225	0.07201953848811224
