-0.07967016732098425	-0.01469331307569706
-0.07185193319667599	-0.06093573826412588
-0.06703191437307471	-0.09900597858507561
-0.05917433658387206	-0.1398150529925749
-0.04623112281743823	-0.1820193337001539
-0.03132840874418567	-0.2351050785683176
-0.0008441500952908898	-0.2475515287674523
0.03791090994741712	-0.2437570277121741
0.08187948472787915	-0.2236994516865955
0.1146577503624215	-0.2008439406325361
0.1403712130450032	-0.1684284193807797
0.1773241768900183	-0.1320191725737359
0.2024416226187839	-0.04118795481328925
0.09231476869118514	0.09137505028541648
0.08117359039278686	0.1009645755711588
0.05577495731882755	0.1120157791058128
0.03944979959423925	0.109417209450021
0.02710263303661661	0.0932057833198367
0.04333924482394617	0.08357932146534179
0.06368176785505694	0.07799840542681495
0.08002659195466605	0.08331359490795065
-0.08296929729123043	0.09264463326324998
-0.07981363693121721	0.1062058004599029
-0.06554631336555794	0.1061024621956022
-0.04925068098957259	0.1046260315305934
-0.03307306913275247	0.08684959899660248
-0.05042718426459493	0.08290009083776298
-0.06271532049026822	0.07483864527681314
-0.07694329028162725	0.08037533424882107
0.01323868443105892	0.1490007970055879
0.04181265500846022	0.1542274714043608
0.07656020864500544	0.1675598285400084
0.09683386251617393	0.1524705411809398
0.1230744927721065	0.1169619338005843
-0.05106257477218823	0.135882497441626
-0.06418287990058236	0.1536367858944725
-0.08656359027541097	0.1592325049693482
-0.09990036075887733	0.1471034506061999
-0.09404157639435871	0.1117424892122436
-0.04669926035172949	-0.1059452649364309
-0.02420048880044501	-0.09524095210699683
-0.01604775847282611	-0.09530000235545381
-0.002799523670767769	-0.09539595935700307
0.04597920092352992	-0.1147669939652024
0.00705689816337053	-0.1416531370347515
-0.01435391575726053	-0.1428565002440185
-0.03877280351284602	-0.1372459984248282
-0.03621889132377483	0.07464673156660444
-0.04778312165248096	0.02582788080352824
-0.05818065640049317	-0.002623309034228293
-0.05532013839626788	-0.02981215596043418
-0.04620733945436915	-0.0380285580046938
-0.02791284266819155	-0.04495307186758508
-0.006462705814034875	-0.03831642849678438
0.01187114430710821	-0.03980765230840349
0.02026000695059979	-0.007266659040275201
-0.003031538998592117	0.01327815299652774
0.002477128277578023	0.07029125212587059
