-0.2062037511871356	-0.05248736049144747
-0.1946073986390019	-0.09391127792338495
-0.1639473473993951	-0.158949756788455
-0.1311632570254425	-0.1982715166652254
-0.08667537309733442	-0.2250316843097184
-0.03948901117369538	-0.2422492803417005
0.01039598497075806	-0.249924178684507
0.03842289396694892	-0.2408313986908607
0.05725892275417026	-0.2010256306892327
0.05673817661806482	-0.157858794753784
0.06637751030184083	-0.1156806546627046
0.07086495990814723	-0.07098635191489377
0.07121178655879166	-0.02374009749889448
0.07205488005128168	0.09504947589518241
0.06873399182070281	0.1030287848593355
0.05847817420970296	0.1067131150889057
0.04441678365283055	0.1035145951408923
0.03078632703615326	0.08818548344923949
0.04325608697182706	0.07918161116031035
0.05543859845189891	0.07826478139641757
0.06641842374079093	0.08270342314169876
-0.09450931396210557	0.08103593811359013
-0.0766424826479476	0.09111735376373767
-0.05983471222824415	0.1025106895666074
-0.04148912357554088	0.09911370470843972
-0.02776874299329664	0.08340653600242771
-0.04664682112225384	0.07328921132139574
-0.06364603091833786	0.06728725605858424
-0.07587648617249526	0.06955189031145549
0.04509873338290804	0.1413259699547865
0.05978831108190758	0.1553431636315659
0.07192294758184026	0.1557741809760534
0.08140695346660383	0.1453147083115465
0.0823165741698572	0.1197057235967462
-0.01465902248141345	0.1419024839858373
-0.04523505742588729	0.147564133547118
-0.08081928021931016	0.1516983768402123
-0.1057168116494059	0.1400176960222484
-0.1298961914902546	0.1081193999293068
-0.03190247819002949	-0.1137733394232114
0.02261359321376374	-0.08079749640597028
0.03195391397024248	-0.08721342988318498
0.04187468050252856	-0.08146292817304958
0.06180594159313209	-0.1009980614506282
0.05077242464808471	-0.1324294218495031
0.03488016218313783	-0.1410911841423537
0.01576270054740641	-0.1444693137630376
-0.004414896628773344	0.08153696993791451
0.007755911636395203	0.02393899612460592
-0.01280948617355482	0.004314955498618129
-0.01031412103168189	-0.03743222529799303
0.01390728630673962	-0.03522232308170735
0.04631425619762026	-0.03542080841079228
0.05705464711056538	-0.02424295332408107
0.06341509174894207	-0.003773949370984931
0.05966327996578748	0.01633594166180472
0.05090327244022108	0.034918365882232
0.0342030146709504	0.0775105021124888
