-0.1403267235724864	-0.04842398460580659
-0.1325884879439909	-0.1007444768116789
-0.1216134818454615	-0.1437878702051565
-0.09751082984693293	-0.183144333196564
-0.07033574769954047	-0.2199030404367356
-0.03584923809764735	-0.2448116019079274
-0.003843527117699706	-0.2482724295101482
0.03741233287124134	-0.2426041031059455
0.06723304669103054	-0.2125944268067953
0.09628161727834278	-0.1732090750124658
0.1192510138878131	-0.1363475002499075
0.1295201042906712	-0.08580676026420127
0.1316726888424053	-0.03907625604229434
0.09790974597613121	0.09675804656745313
0.08824897183201272	0.1116990917097457
0.07130960915612081	0.1161258882671591
0.05110063855518304	0.1099397484809586
0.03771004804346422	0.09556586520417602
0.05054188547496004	0.08723014512422822
0.06941997817977631	0.08008229690675785
0.08552141261569421	0.0823594736464557
-0.1008281054120187	0.08961781705054205
-0.0863695808820405	0.1066387652827235
-0.06829650838868137	0.1075307659498368
-0.05132430776853908	0.1044398268079365
-0.0376874493917285	0.08806428766984581
-0.05502122678362713	0.07646074439451243
-0.06821458035552114	0.0701020203580987
-0.08418455291696454	0.07316830041608269
0.029741707704453	0.1385353414880238
0.0652800584989152	0.1563743114232347
0.09357261844802825	0.1650348712832628
0.1132885705316481	0.1511830813074563
0.1265639117895836	0.1201130582844166
-0.02948859017161849	0.1359826433806979
-0.06717900076052009	0.1529500323161789
-0.1029964270486453	0.1645246465307643
-0.1194594481984664	0.1475529876184521
-0.1306650015368201	0.09970860940396864
-0.05167060962438603	-0.1134287345659777
-0.01195903732349488	-0.08900910688215104
0.008085603387658158	-0.08950229051743461
0.02124610956239339	-0.08447940376762103
0.0578356882912849	-0.1054297235484457
0.02303666291396226	-0.1339802169414404
-0.0001132665084564101	-0.1374206758101082
-0.02309888519152644	-0.1341817809416127
-0.01489903757742334	0.07681024276927079
-0.02433023950889486	0.01956553046493003
-0.03477983265364136	0.002445915581403476
-0.03737592054257678	-0.02155026581311767
-0.01859646024241637	-0.03270565351525612
0.002253220809106754	-0.04123867658221489
0.02152569840348906	-0.03235618423308073
0.03655919882114766	-0.03272607244878183
0.04135696061686957	-0.0007640196660457781
0.02484486852857468	0.0210288941132141
0.02228213290979895	0.0799054135871302
