-0.1447440112005693	-0.05127640756629286
-0.1365660049149641	-0.09906652850474938
-0.1260751035589842	-0.1401746771909251
-0.1058817143577826	-0.1681306122128269
-0.07722752549770828	-0.2127076284683952
-0.04473716412802017	-0.238465013397656
0.0004452895380381208	-0.2525505181469308
0.03773129553474349	-0.2364815465936918
0.06824857656006923	-0.2119962053062932
0.09543821857276817	-0.1697481137283839
0.1203714146041763	-0.1328286847353164
0.1327259917214279	-0.0804720969852864
0.1333474456412461	-0.04118304651272942
0.1044133473909285	0.09423673511466027
0.09482433166775524	0.1081935301707524
0.07485614851511396	0.1171604059667797
0.05545175306025025	0.1152582769539169
0.03807748951907647	0.08886907922837978
0.05398431341782187	0.0800716103474208
0.07412181656151683	0.07516473531923483
0.09172128531114095	0.08256485367450914
-0.09916303152091328	0.09052557404537541
-0.09199862465023795	0.1159848738431329
-0.0696046566410288	0.1164066303430961
-0.04856465657225448	0.1087507188847348
-0.04032962725368433	0.08671629699920524
-0.05510883588815265	0.07377574450996954
-0.07885676176560244	0.0652763196316269
-0.09391758482888284	0.06997152509280052
0.02877123779269806	0.1339949353938155
0.06301123977003251	0.1501909085192397
0.09307701201155599	0.1638496075315241
0.1098863219230765	0.1523030824960563
0.1309256993672186	0.120244824041259
-0.03113395317408117	0.1364932468421544
-0.06723474818982844	0.1488443121405531
-0.1065508865202788	0.1572623992277944
-0.1230785786425467	0.1511732468904063
-0.1311460257455449	0.1040606029493651
-0.05550793500552152	-0.1065141110920733
-0.01816546984753823	-0.08909183029145043
0.008402760634394718	-0.08613274050534718
0.02797643537148006	-0.08017061911661703
0.06531833749788644	-0.08715070797714891
0.0444465019805393	-0.1242395136687021
0.01556542930953327	-0.133880517374196
-0.02408935026318956	-0.1335824620392203
-0.01708963155286794	0.0830357082416643
-0.02205521921562611	0.01274699392269298
-0.03948592135363428	-0.01499550381814404
-0.03463555702104106	-0.04502294497144944
-0.01308760579113482	-0.04049882348964873
-0.002201051492276963	-0.04773127116715956
0.01675240618228048	-0.03225346554928254
0.02882361724254857	-0.03546827667294793
0.04112117258700042	-0.008867357759262258
0.02696341745229531	0.01748113015186478
0.02143692985527898	0.08007331636814301
