-0.1636415127619541	-0.02793548798264418
-0.1519388173075613	-0.07502192727369164
-0.1312096469759407	-0.1424810784655891
-0.1046502338650485	-0.1946729739875779
-0.07904421464241632	-0.2305001499884535
-0.0407376477974521	-0.2536453927258938
0.009153235075898769	-0.2641736757870334
0.05104715370928866	-0.2527764623192105
0.0840012474732153	-0.222494274355924
0.1119707028303038	-0.1835459230902291
0.129634712264342	-0.1407196875426971
0.1414579756519227	-0.09375540881399493
0.1470937404239456	-0.03670237947584644
0.1004012794458235	0.09194003085709979
0.08648733577583277	0.1000859707443793
0.06699271594247064	0.1079067819089662
0.04707520862323717	0.1037609175024868
0.03325858893400272	0.0910139421766874
0.05052089661443217	0.08306307042849156
0.06881279501817253	0.07666494353466069
0.08452563525682902	0.07608754163640609
-0.1078971080049656	0.09174708657729062
-0.08738349456046617	0.104884213662344
-0.06514707065969036	0.1076724208113971
-0.04891417525622297	0.09816879238502861
-0.04040772232700748	0.08672230894742844
-0.05457105739177569	0.07992616542501445
-0.07131340891274432	0.07895079376742267
-0.09166421453663404	0.08224349136772055
0.02894618511874864	0.1265888618796745
0.04241612200420251	0.1452866820162615
0.08714904818092516	0.1463999693446152
0.1054408801510687	0.1400018385805126
0.1177291393348391	0.1213118696608075
-0.02771779783165314	0.1188095007496459
-0.04928197800371438	0.1429300838630152
-0.0886941162285762	0.1466050299760775
-0.1139323561383398	0.1376709353534084
-0.1249100034361757	0.1146400651698026
-0.05695779735531144	-0.1097929207937477
-0.01601728368244786	-0.08203098844985691
0.005623044520282955	-0.0882340322620663
0.01858354807781303	-0.08001522199161525
0.06435652137578685	-0.09675444695109182
0.02082646056814608	-0.09929041016461317
0.00640307905491474	-0.1016234026376062
-0.01171541119081588	-0.09820069981503056
-0.01670846604968577	0.0836247178633749
-0.02037192609503308	0.03116480244299606
-0.04362727910848495	0.007418694131372603
-0.04043103464817195	-0.0282212949388731
-0.02076303073646802	-0.03901749824800736
0.007660887158052125	-0.04631815307610772
0.02405656694750636	-0.0393919359626833
0.04585964105256673	-0.02916523646567604
0.03896823905537294	0.0122305228258207
0.02650664266250645	0.03389584218118966
0.01668957720231126	0.08706317579436725
