-0.1652826958940185	-0.03216950084521195
-0.1562487677446535	-0.08274485438573405
-0.1435408317445446	-0.1375900546954639
-0.1187665254614333	-0.1871111814953403
-0.08397371199796476	-0.2344561524846293
-0.03801775890564646	-0.2629897923132553
0.01195392311116754	-0.2671696182270066
0.05162641978703448	-0.2524702812939547
0.08160178769823749	-0.2278831736226431
0.114970491224161	-0.186510515243718
0.1359919975289669	-0.1294063976164145
0.1444249962338285	-0.0866931131805339
0.152055079778175	-0.03199111959946332
0.1093730056183953	0.08256419216972349
0.08793099577158904	0.09919183456968193
0.06729187653802653	0.1038307997901868
0.04745560031706378	0.09648112945628778
0.0325180971616539	0.0834382917085091
0.05080822308059862	0.08014728847201333
0.07134703498593799	0.07700691711692373
0.09168506792445298	0.07686367767557875
-0.1122975663954338	0.08728749237753394
-0.09408744901255078	0.1020548030006799
-0.07057721030064024	0.1051346347307857
-0.0517852384384498	0.0943507276946403
-0.03626585775035985	0.08184233812381418
-0.05068124813609905	0.07786629202334112
-0.07009571891561432	0.08108200720216302
-0.09145769941383405	0.07965135954280145
0.0224399553731084	0.1158800515481577
0.04127253597283338	0.1382155852474145
0.09084281470706343	0.1400300559248661
0.1041135049270633	0.1273711013919039
0.1171631731541355	0.1011495625132061
-0.02825466523389499	0.1139902482001856
-0.04560087294172169	0.1369134285967079
-0.08912776841730208	0.1460407963164294
-0.1176574405873098	0.1335929798302221
-0.1202478037815588	0.1048187014057421
-0.07029897750210577	-0.08451516605403903
-0.008562000344125274	-0.07887519193182735
0.007680283980620628	-0.08531393217535486
0.01627335552366418	-0.07871727172401147
0.07126443529809247	-0.07352908166287392
0.0392411611142685	-0.1012639642825482
0.01245827471525004	-0.1060682711288693
-0.01574999080807471	-0.1064520807528996
-0.01897935829253496	0.09353716927473706
-0.02201182796124064	0.03763781880294433
-0.04911609870051885	0.02076950658834488
-0.04773134768340111	-0.01677030943096942
-0.02404066818102929	-0.03324741066911351
0.005070856974387205	-0.04635078953577451
0.03402230187315662	-0.02333760093090574
0.04916052972323117	-0.01329192113804153
0.0422545743894551	0.02237286376631275
0.02336220597334817	0.03465535869227902
0.01280254008709102	0.091149732666491
