-0.09861877790330775	-0.06888867649213573
-0.09180335346128431	-0.1040546199662869
-0.08210384538001124	-0.1483259832977118
-0.06605096289203274	-0.2014884206563754
-0.0447733075985423	-0.2264775691941036
-0.02310084392972284	-0.2390642418275326
-0.005278512869253411	-0.245699681378946
0.0199723553664505	-0.2410454901829867
0.05467893941061916	-0.2203346859169127
0.08726305551021353	-0.2028494510850455
0.1348133934662297	-0.1457584231616566
0.1844721756083975	-0.1040096999075163
0.2198730848316472	-0.05695268078497727
0.1029956662574597	0.08745938023574548
0.0825749059154376	0.09857610294148493
0.06350088299987028	0.1066814931291621
0.04518856967829743	0.1024558652788552
0.03698447760330785	0.08492928584933131
0.05143275565227252	0.07653817651864657
0.06665666890288895	0.07438402083013368
0.08747222827426343	0.07566973890502054
-0.09049353072235371	0.1002642115513259
-0.07950056189183875	0.1102267545570331
-0.06215426241569333	0.1112981862861055
-0.04780117765303041	0.1044484266823534
-0.03644130038359652	0.08967754528454838
-0.04897154517956061	0.0858090709261001
-0.06053575247812386	0.08509478263433561
-0.07575962125909097	0.08724896410054503
0.007530584993013999	0.1295277409593497
0.02286364645815761	0.1444001053959132
0.06893007406523594	0.1503400146667596
0.09725540245824212	0.1428060628996066
0.123934389807466	0.1243396187278586
-0.03593738968053847	0.1191065384796265
-0.05105211449842446	0.1382873089011094
-0.078506668219103	0.150516803682132
-0.09653339813889888	0.1416670692925298
-0.104737478742189	0.1241404905715801
-0.05788630940874866	-0.1081487051902933
-0.03243107672881683	-0.08800934217904126
-0.01701679418040121	-0.09324629051216424
-0.004867411334432806	-0.08321228454561193
0.05004170035837028	-0.1076713429378542
-6.522702913421517e-05	-0.1045772608971735
-0.01731635191093083	-0.1071901126005242
-0.02926138603581696	-0.1017388786301612
-0.02863198297741166	0.09480166240719566
-0.03116311749192369	0.06060567258337898
-0.05249658483850797	0.01132303126860996
-0.05203448820781766	-0.01495184681570476
-0.0453003220984622	-0.03000843375909426
-0.02141023090529099	-0.0409109002826718
-0.001451494820890523	-0.02575279801114797
0.02475140145978864	-0.03651234003018367
0.02786772511912838	0.007003333761896672
0.005433646464207962	0.03192098421510673
0.004999452604224952	0.09533171672043439
