-0.2270220481976576	-0.04851569579046809
-0.2118197053945612	-0.09960834253869057
-0.1741948336692906	-0.1595410081435721
-0.1288509678316045	-0.1990327480463248
-0.08017863599775854	-0.2306544583633011
-0.02608944295229931	-0.2434466616169791
0.02767902132042377	-0.2422170114354793
0.05654474322368396	-0.2259688543054157
0.07446294648686574	-0.1912655605648368
0.07725701692259918	-0.1600256750906077
0.0811130498939529	-0.1240851341877167
0.088547004241435	-0.0911803788145835
0.0909847051340506	-0.04436069624736471
0.08211178281613378	0.08793425456445489
0.07707996896242446	0.1034071620584776
0.05936859548852817	0.1107960936614665
0.04654651519034344	0.1089440673918217
0.03535653599483213	0.08686499215353181
0.04849928708927487	0.07469516366211396
0.06504175013922255	0.06727951143120536
0.07665929083837292	0.07066276099591899
-0.09573624724659473	0.09166096386850528
-0.08075456711643188	0.1013563929190797
-0.05992850959149141	0.1111854559174859
-0.03860357317555437	0.09920276034104063
-0.03010078636439895	0.0853680253085934
-0.03821164190770907	0.08206492497163577
-0.05921590752738808	0.08002576578701824
-0.07448257103706803	0.082794237305107
0.03234181368592989	0.1164132175291634
0.04236294069914778	0.1384655618701225
0.06432219697999676	0.1498793455396766
0.08667346569576043	0.1441552956960644
0.09404304136018092	0.128735874513179
-0.007542689185234543	0.1217362587850271
-0.02337942222054754	0.1494324594820756
-0.08292111910424041	0.1449531804973364
-0.1129200526845894	0.1271203604074261
-0.135870091666187	0.107889915654038
-0.04530423159075809	-0.1191822483573005
0.01359612343524164	-0.08665924825514036
0.02546307366353179	-0.09418183805726002
0.033431410119906	-0.08464685767068704
0.06449932637241784	-0.1135535013484656
0.03857019425700394	-0.1047936646492109
0.02450794465434501	-0.103556500510207
0.009312541616252345	-0.1039040096004608
-0.001021282781199956	0.09226822901833402
-0.002888971859483831	0.02052080435097515
-0.02583900004131659	0.001290394648650871
-0.02137031515270577	-0.04069497429077536
0.006611537682601029	-0.03693743703140993
0.03484278951245981	-0.04408578578523736
0.05102902216283759	-0.03592163774103301
0.06221900162352586	-0.01384257409803894
0.05098645163168621	0.01707653159220565
0.03624728738166501	0.04791543166927769
0.02593423801945701	0.08976710894957095
