-0.1608604877633239	-0.04911620246350561
-0.1578802027238794	-0.08377903068512023
-0.145430171407943	-0.1358462835048559
-0.1233222373530615	-0.1810103264669651
-0.08399478977106865	-0.2277302349559145
-0.03782461364099958	-0.2480520811145013
0.01383392090193649	-0.2527198703033375
0.04936807328548227	-0.2420735778590229
0.08525548719376604	-0.2222875594091736
0.1192347714000148	-0.1935562590443351
0.1361826142402052	-0.1389613981489161
0.1458636173547302	-0.09258242648659747
0.1487604214629025	-0.04678675537534689
0.09500376227847258	0.0882675583758073
0.0884432494925777	0.09833103649623828
0.0683144601461005	0.1072279465556214
0.05074174660662575	0.09964415916188323
0.03568956754356747	0.08924066469660331
0.05455805727100771	0.0817536562360356
0.07077643625336967	0.07859341872941837
0.08673564666005422	0.07844736410545798
-0.1036799907210678	0.0939581808335619
-0.08310392252275604	0.1063548652678996
-0.06740381978761856	0.1092229422662836
-0.05253977089659786	0.09531875933880253
-0.0410677971471014	0.08112290563166266
-0.05537802206577627	0.07533784071916592
-0.07120770010519403	0.07397681638674626
-0.08894549759458416	0.08156108615014171
0.0219207006723354	0.1169030002892569
0.04019986453246739	0.1427661656447264
0.08730013137349268	0.151370483478287
0.1088187254514762	0.1395566470171659
0.1193250598005132	0.1100955738692992
-0.02860713777502328	0.121668005915144
-0.04990212318327689	0.1441286030806474
-0.09277426393180659	0.1525882496019433
-0.1163536784656565	0.1353787027407209
-0.1309816210414752	0.1067930233534901
-0.06031071478000923	-0.1057545104046842
-0.01311638478172869	-0.08499633144185444
0.007624741076082734	-0.08776766122763704
0.02406680917204792	-0.08028115371208785
0.06671526080697435	-0.0993875452555503
0.0267523910559015	-0.09826888718457596
0.007401133370734589	-0.09841443314846349
-0.01195018582680693	-0.0985600521973074
-0.02084494560775078	0.08437986791799282
-0.01883026824819659	0.03445184558168541
-0.04415273685746463	0.0110194888646038
-0.04569521376744112	-0.02403220317645014
-0.01852316164445928	-0.03535995938108116
0.006387531936700607	-0.04688214556666826
0.03035570699710567	-0.03419376502663777
0.0491886528569518	-0.02801988501800598
0.04026026269913933	0.02283196251815412
0.0245247180087877	0.03362477145196143
0.01507793751054468	0.09050494628219306
