-0.1205659997429854	0.01027022036504227
-0.1140437245316489	-0.04860246291193603
-0.1047208933932708	-0.1025162139269162
-0.09603424847394387	-0.142730661023439
-0.08317357280428012	-0.188526701877647
-0.05410451726262497	-0.2352734040245741
-0.004944261177439173	-0.2686828491654051
0.05247506719730619	-0.2596696672684596
0.1001730063620477	-0.2289530261967518
0.1384408112227228	-0.1964024321657627
0.1729745702553502	-0.1704637934596632
0.1889516201912188	-0.09028327822166059
0.1992739671048497	-0.04606055285458471
0.09536463793930133	0.08128393706486312
0.0808270253657756	0.08704639785899275
0.05685929115522333	0.09464280186587345
0.04575835155157198	0.09166498456333458
0.03205303928483574	0.08222244362205045
0.04320152810664474	0.07601838815529963
0.05926122958095092	0.06739154851448421
0.07620698672646518	0.06959959689482789
-0.09574744812317934	0.09313418017257639
-0.08430156939539268	0.1022823147604984
-0.06902665263007325	0.09967859970504261
-0.05581496810694128	0.09527472346034202
-0.03955900638143856	0.08514211387134817
-0.05459023111101922	0.077058125319393
-0.07492509934121033	0.07440847251989793
-0.08361793237399257	0.07940119363142291
0.01825886104712583	0.1263654711598973
0.04095439869787812	0.1461675497452939
0.07071941097866571	0.1469832622525475
0.1001395528362825	0.1416286550291619
0.1174240249268658	0.1147852216281618
-0.04883429366742464	0.1298739458296439
-0.07530520656608047	0.1478636173757293
-0.1005513853893239	0.1476367131944355
-0.113864254140907	0.1351826109282258
-0.1233480497743476	0.1109766521926178
-0.06012086644119355	-0.09211069079111484
-0.01439112930803533	-0.08155804511650949
-0.004372383812408736	-0.08790931861736345
0.008595617436513306	-0.08162555849536289
0.06183484288633288	-0.1022526988658213
0.02273466171662952	-0.1195982326822155
-0.003100129758428985	-0.1153078051151516
-0.02102687583020163	-0.109986951660683
-0.02767323286089619	0.08209677880919151
-0.03249563557634448	0.03093398720285114
-0.0436977930288019	0.01109818700863766
-0.05544101782042766	-0.01340221170068745
-0.03987487392850632	-0.03587548217952861
-0.01625199455357533	-0.04964223807714869
0.01911409840619639	-0.03890859672569846
0.04072737762872378	-0.02843564011879337
0.03601845743089022	0.007703159556272841
0.0224144010140793	0.01511857226707296
0.01476241025589604	0.07384408671785253
