-0.1505088051693879	-0.02197512927779039
-0.1439752147651688	-0.08066419183291809
-0.1247000612495621	-0.1304956881490434
-0.09112885182329303	-0.1958268091026356
-0.06021612373249206	-0.2353878686278885
-0.01879803704899512	-0.2618315568062318
0.009399907373917427	-0.2727545840516032
0.04139464998728735	-0.2577808129060734
0.06993652728307148	-0.2313982442193906
0.09394962728734878	-0.1936279996684285
0.1302257759184023	-0.1226219924673856
0.1400837186734254	-0.07652225580114387
0.1422696899236939	-0.02340030698346164
0.08945147825278807	0.09032831952414928
0.0752398887133835	0.1015258760307755
0.06009320968613095	0.1055322515804008
0.04409583367166939	0.09804533388486288
0.02826744229644155	0.08195435568393988
0.04440550289033036	0.08227116868491115
0.06057178988292621	0.08115397104507105
0.07557770962205375	0.08431769872337483
-0.09896725878684356	0.09380222718328639
-0.08299804534458204	0.1027231674494247
-0.06476450708307407	0.1059502578536346
-0.04848561249236252	0.09909696909331435
-0.03529362066466945	0.08501025623176475
-0.04599605301721937	0.08193103346350457
-0.06541809934001419	0.08441887002173622
-0.08161249554145451	0.08697009127977488
0.02521477221721866	0.1278006387228019
0.03883518547246205	0.146717411390821
0.0828334001319689	0.1533194497910782
0.1023962488526123	0.143661489497654
0.1136335538997853	0.1194944179788378
-0.02747488421526013	0.1253316906513111
-0.0375237125906006	0.1437838025611135
-0.07868844473668517	0.1573213815628967
-0.1076807398665842	0.1538830815136142
-0.1234247184434293	0.1334900448069237
-0.07073132825492974	-0.08353000483158361
-0.01141748152791072	-0.08953842446023787
0.003672894119323225	-0.0906767757949653
0.01332762938590962	-0.08905264286322596
0.07015187373758144	-0.07789511702747805
0.02490275597031175	-0.1304279237074561
0.001374283671965074	-0.1380626554660687
-0.01917994682483444	-0.1327278730505699
-0.01601233300144072	0.08969249088344908
-0.01703800061522808	0.03228959414516269
-0.03264125255052051	0.004726485599997369
-0.03431441029163917	-0.01969406863093676
-0.01786661728114136	-0.03515137688211482
0.002828339857210828	-0.04765623113608827
0.01658950172790812	-0.0359095619055181
0.03476676820837145	-0.02981442531250924
0.03411927745248124	0.003167949212856371
0.02305081892837658	0.01873092548451861
0.01419660116297116	0.08598181942578854
