-0.1003064612824508	-0.0352177254783656
-0.09530794778714287	-0.08392236192755129
-0.08497300802908496	-0.1369617354352467
-0.06915991566351745	-0.1757291553960823
-0.04908425012787368	-0.2188231235002699
-0.03103630167475478	-0.2461566414500573
-0.01073172769170604	-0.2591936073938279
0.01936810646995173	-0.2551286822791006
0.05822206933663575	-0.2296599370773779
0.1100709440614722	-0.1899764738935399
0.1522771647531032	-0.1473568328630123
0.1795152378055615	-0.09603495229486958
0.1852549466432247	-0.04741216003518166
0.08968977281988336	0.09502124591377639
0.06938516687977202	0.108058212100926
0.05328866386621781	0.1096121759600381
0.03390530544126107	0.1026029588933216
0.02735335267834342	0.0883391512465712
0.04019565904010304	0.08251588554233226
0.05737688372673635	0.0823850365825277
0.0756755098262598	0.08797113883106296
-0.08854356847712848	0.09924138922245528
-0.082013416626894	0.1106426110317412
-0.06586241141275816	0.1162451011139357
-0.04873571023141494	0.1089577983750772
-0.03491765439729799	0.09024477140121596
-0.04782536317260197	0.08748032220247877
-0.06503928890375472	0.08331733501550365
-0.08004017011239349	0.08772566408323865
0.01052094105324114	0.1342711712110756
0.03107624570108647	0.1541537931029335
0.08259807648226529	0.1508986926676233
0.1050612357211684	0.1392766313221676
0.122068032612891	0.1162452023484429
-0.03036074914269036	0.1245629295066504
-0.04520902436817845	0.1490093061748648
-0.08806395066963524	0.1622179793807532
-0.1010152502934461	0.1537284010353779
-0.1033482103258191	0.1294128840604485
-0.05034897038747593	-0.1028725842330524
-0.0233725073948263	-0.08590161653858557
-0.01160403265877937	-0.09171667218521108
-0.000822155319797209	-0.0860733557577659
0.05272742425759004	-0.1050889385479178
0.006400314536857368	-0.1247752872434478
-0.01082449058930756	-0.1303695994684703
-0.02691009322764648	-0.1273843533429803
-0.02094703551395233	0.09156974974292269
-0.02574374999681184	0.02576325394892263
-0.04103890978483209	-0.008473091680697653
-0.04016129597098015	-0.03424443571375936
-0.02516044680053027	-0.03865277519046966
-0.01768726807054538	-0.04443518259239553
-0.001514461943726346	-0.03597010667273658
0.02210969004333183	-0.03615002374908892
0.02346695362173964	0.00105522213276845
0.006372931936828545	0.01263632922359682
0.003729168734222681	0.08851906856630247
