-0.1793692306035586	-0.04292945072075421
-0.1661622393859573	-0.09749614419962613
-0.1499452022906678	-0.1418825523477956
-0.1217822758777688	-0.1874310046700692
-0.08184391057618699	-0.2269246986538761
-0.02921764069528133	-0.2531212274691566
0.01744884359793063	-0.2563517333936856
0.04945839288529785	-0.2353774562349386
0.06837095734255853	-0.2103799601555881
0.08393264772343736	-0.1811290351834774
0.09397759930833798	-0.1476758799723249
0.1088916872928859	-0.09100099754010255
0.110811051755736	-0.03463296285858489
0.08811518743288071	0.100583241904298
0.0738330983412948	0.1089110108925141
0.0585704186384642	0.1128831211562103
0.04578025224339408	0.1039160441435201
0.0298095662815	0.09198555900120862
0.046291509132818	0.08226553764241271
0.06148603118091597	0.08118019620777737
0.07431027128588921	0.08870387793683901
-0.09577150697930589	0.08757590927055085
-0.08098598922513713	0.1038109214739348
-0.05936227267167729	0.1057657241498565
-0.04284624663653604	0.09460236147242011
-0.0382760999377466	0.08460107544954848
-0.05550009949782218	0.07986182199745555
-0.06734370652983264	0.0766938214921167
-0.08044064864455244	0.0807170521696592
0.03105508438696959	0.1310075942801757
0.0413045386261723	0.1558005511877909
0.07585478907347437	0.160948958940208
0.09335141671579288	0.1541412444986966
0.1014770145801073	0.1312263652820002
-0.01753859437161452	0.1240834284117418
-0.02901507553256236	0.1512516718139462
-0.08546167086923594	0.1556954400214756
-0.1101636334168345	0.1464470983447097
-0.1280274063853938	0.1229184824332293
-0.0444696267364492	-0.1119525287093767
0.00588085822914527	-0.08765679033302115
0.01897776963908577	-0.09168008622515307
0.02425591109366846	-0.08577874486889409
0.06693168497044402	-0.1035452503356461
0.02717152439712653	-0.1174817020441186
0.01312803163226108	-0.1192574616821478
-0.002066490162168153	-0.1181721309897764
-0.007213143508574328	0.09977632905125733
-0.005236283333200181	0.01606102865316438
-0.02086613060780546	-0.01030315971667711
-0.02130146683024522	-0.03775267903255865
0.003775417081128115	-0.04438136041743521
0.02242313947493748	-0.0540502173786544
0.03940852097009589	-0.03920742506538976
0.04779902382943257	-0.0274558852659208
0.04501967237778901	-0.001526477759425506
0.02917755715361156	0.02698288584257353
0.02212712263154012	0.09613664810288251
