-0.1430610477117984	-0.02706821273868645
-0.1392321672622076	-0.07968915450169013
-0.1257006533198341	-0.1195986105385027
-0.1047994584461552	-0.1709398805173634
-0.07317649390054559	-0.2152634623079296
-0.04040471752775399	-0.2496472142343364
-2.748053630068342e-05	-0.267038117493519
0.04594054630176449	-0.2532061966284965
0.08250072483566544	-0.216554962820824
0.1116204793896166	-0.1769992682915734
0.1313087510043289	-0.1174667996004055
0.1422427402099367	-0.08486693531023069
0.145877865487771	-0.03230791504931628
0.02848732133071226	0.08521496707558897
0.04142424349773397	0.1021636070153212
0.06176609158502573	0.1119441582750949
0.07877949561777907	0.1061176826323879
0.09574566342921179	0.09460628782775979
0.08180144849337401	0.08477267228683272
0.06363926462925198	0.08065934953468619
0.04336816011711211	0.07940621496050174
-0.09619692776049567	0.09477732129376043
-0.08543979692238445	0.1060587126238412
-0.06939838795738588	0.1116109650482329
-0.05558389036540268	0.1058110275807482
-0.04185189469998801	0.09006249875235475
-0.05154275864957539	0.07877226165637087
-0.06969315199096469	0.07608016620388927
-0.08675367606782282	0.07622170056437166
0.02135352515995162	0.1250713581292379
0.0396807767810862	0.1490819159642937
0.08343370445041594	0.1529829375267216
0.1025560295699434	0.1442963265936519
0.1151627525823182	0.1214504757390333
-0.02447305745214799	0.1282941969437599
-0.04563361305864839	0.1483683497140183
-0.08391365602094102	0.1614778898566658
-0.1106532746796935	0.1517504145963317
-0.1204266724639115	0.1305115652476532
-0.05309911238884635	-0.1088303130854816
-0.01557882380559181	-0.08497894923465259
0.004598019989806413	-0.09509563358429586
0.01533160107625565	-0.08665675000439826
0.0620829111532348	-0.1069431934746067
0.02994119340942271	-0.1251538458379913
0.005334161415317186	-0.1348990130688881
-0.01490160326118443	-0.1318884654808236
-0.01410500442745911	0.09267494978938597
-0.01693321297207116	0.008839966466214818
-0.03417057391038102	-0.01233692999882004
-0.03331651597801428	-0.03792795195435471
-0.01523689794433639	-0.04376327292420872
0.004998898464724815	-0.04677382077552687
0.01890771018755652	-0.04120387629282112
0.03817158565925319	-0.03283568611377961
0.03416578311379304	-0.001533248516922069
0.02146473591955747	0.009942783940376357
0.01361833661991545	0.09244495654135333
