-0.1348743393258227	-0.02303273950327312
-0.1310696109896402	-0.08231821059985751
-0.1187460023873279	-0.1346108822218952
-0.09366953724690577	-0.179941412225238
-0.06856242527880337	-0.2210394884710548
-0.0349261715039264	-0.2537338881521628
-0.0042916314716946	-0.2624211691735119
0.04234269706031635	-0.2542935769778505
0.08072383397390007	-0.2164772004382536
0.1053140269679098	-0.1827936694126151
0.1310445517477497	-0.1378311439327005
0.1441243802409357	-0.08572248990421631
0.1508635689814789	-0.03215695670798063
0.09670156870922841	0.0895730132126738
0.07990900554790643	0.1094472856739667
0.06196596532176941	0.1166317907551979
0.04604797172182093	0.1111034638845801
0.02897942755635971	0.09288537016629481
0.04163005026625961	0.08573923165002013
0.06277921977124501	0.08276422105974997
0.0829209596788841	0.08685102325628427
-0.09270462141864545	0.09941037128531062
-0.08307612999928886	0.1134496699886035
-0.06503089764111525	0.1203734873469662
-0.0460294157904395	0.1131813260571288
-0.03457008424095138	0.08770205712829758
-0.04623379952211832	0.08496475467863893
-0.067403333998447	0.08511809394853596
-0.08219138327834986	0.08945789585480766
0.01974949501655257	0.1338683997501353
0.04000362506388052	0.1534743284320661
0.06539690622818177	0.1518795169885839
0.09289687210151407	0.1488585155813881
0.1202231641475022	0.1218534065969899
-0.03001938667415859	0.1314070870165145
-0.05842455874067038	0.1555981919216401
-0.08911020499676658	0.1572313590496974
-0.1103308667732154	0.1503305740783156
-0.1190030561235151	0.1221753068466405
-0.061394030754974	-0.1082191627300606
-0.01886075530625958	-0.08172010558957953
-0.004082956534507318	-0.08747071116137245
0.01077662656091958	-0.08193478081081572
0.06256026267349532	-0.09359706138994077
0.02102415543359509	-0.1285687874071893
-0.0001453790427336446	-0.1284154481372922
-0.02134560242319771	-0.1324945728207954
-0.01241361106375972	0.07766524516399904
-0.0193060871277099	0.002937349059519156
-0.03421673505505334	-0.009652779489352423
-0.03231438180537171	-0.03929557271213653
-0.01751614463763466	-0.04222451799605061
0.001485368485171108	-0.04941671101435621
0.01738296561347722	-0.04671005523594236
0.03760645925716824	-0.03133659088769326
0.03773930886909754	-0.01299579376643056
0.02719542374900903	-0.007275793093652901
0.02247528040766972	0.07176893553071617
