-0.1358731966712743	-0.05085570672561715
-0.1276905214788614	-0.09474027621243758
-0.1163766140232439	-0.1527440400583856
-0.09512425179419649	-0.1891819000643081
-0.07011357235020013	-0.2163637511234567
-0.03341139024086834	-0.2438593131435789
0.002706948940323779	-0.2495066259623292
0.03924330150407266	-0.239570495831635
0.07256480044686861	-0.2186318640730858
0.09908041797235151	-0.1897133438174515
0.1189156400193289	-0.1481398335789757
0.1295229957556732	-0.1016403976199637
0.1390865741659761	-0.05043450461789472
0.1030978733358813	0.09088292434281627
0.08451686633982114	0.0960597730796528
0.070654206504777	0.1026695424013434
0.05541346761374125	0.1015189232749379
0.0386272336036334	0.08637455810086177
0.05257351604095663	0.0828815279024035
0.06990171897808425	0.07461931661768616
0.08643712402004967	0.08041361426253661
-0.1029655555874178	0.08549461271959137
-0.09340333266821149	0.09303541495464544
-0.07561519471091682	0.1019150190242229
-0.05590684577648612	0.09514845392322518
-0.03745123006851732	0.08529657079951017
-0.05511394256601626	0.08109197698743287
-0.07507312046858947	0.0785084745592049
-0.0856373178563203	0.07723240050147588
0.04004859889726049	0.1393583166257709
0.06142783392772187	0.1512605203613321
0.09554227087495733	0.1581426742506909
0.110615790557609	0.153059918890276
0.1252713197425513	0.1323937083601611
-0.03377517023355715	0.1351008614909945
-0.06722072972499096	0.1531522287448976
-0.1020862773786388	0.1618848696286913
-0.1176197079520796	0.1498258438065161
-0.1279344299959686	0.1142348160989375
-0.04848077821814809	-0.1077814497207745
-0.01582678022200627	-0.06811133014666744
0.000415921539564267	-0.07322543888645439
0.01461302103590737	-0.06736841284254404
0.0580374509845482	-0.1059605789758712
0.02905811374050433	-0.1394913929990686
0.005633287420540074	-0.1404224854580453
-0.01658060946387679	-0.1398265658225427
-0.0189120287301682	0.07856134654649609
-0.02146073596216597	0.02716730438574808
-0.03478125258920846	0.01037050417964461
-0.03995952161673796	-0.008204174080687302
-0.02421847748031965	-0.03201840628093556
-0.003257360836589898	-0.03569966589060433
0.02380036510292495	-0.03018771422936592
0.03858266270737171	-0.002513858217802692
0.02964750185506249	0.01332055507330018
0.02062874066305578	0.0260381938249355
0.0162043823744591	0.07917876066053989
