-0.1424010925654422	-0.05333066173772417
-0.1346582727088566	-0.1039325583424651
-0.1245297791940901	-0.1529815639936036
-0.09771885881214561	-0.1927391701809717
-0.06606828629549227	-0.223077116830817
-0.03314789832769723	-0.2455353162119255
0.002346149724641875	-0.2490770691563093
0.05102112789573917	-0.2385534694051427
0.08215427696403257	-0.2073169579745792
0.1049974750464844	-0.1759905974269065
0.1196020010040333	-0.1398389507101421
0.1283022136264033	-0.1020446340290201
0.1371221876752312	-0.0532008635980987
0.100729870299958	0.08611785484985164
0.08545402353523117	0.09733416772553388
0.07249535547892305	0.1037892962441718
0.05708264893355669	0.102377539334966
0.03918179222627481	0.08994192249335313
0.06276469995179436	0.08021436466038988
0.07222180089883752	0.07853320188501975
0.08998595105865807	0.078340794279614
-0.1017641536134432	0.08988984503709878
-0.09098596959335328	0.1008239137017539
-0.07315346622342479	0.10694551244585
-0.05660778051152595	0.1036089465844137
-0.03784745197124584	0.08604016928328057
-0.05446149089325256	0.0830627287952151
-0.07346121433073691	0.07853247971689828
-0.08885677667507044	0.07869923260166324
0.03267454564735295	0.1452664757818169
0.05996411535650636	0.1497069708723547
0.09676214812771079	0.1572018333329075
0.114423715542679	0.1475384109018462
0.1258219411272722	0.1063690476780268
-0.03254615322519767	0.1380794657698533
-0.0607978008809868	0.1541723619989117
-0.09747615382561177	0.157727012918952
-0.1188956864719006	0.1484868633929149
-0.1346674208762357	0.1139265544666691
-0.06240032756318226	-0.1031364700684287
-0.01700461817689085	-0.06731832975742148
0.0006569488563407985	-0.07698178743252815
0.01852361165465972	-0.06770314420476023
0.06548434321587214	-0.1061003491527917
0.02848114508220816	-0.1325372295166406
0.003628434035298388	-0.1306893838356143
-0.01888991809464166	-0.1320241426113071
-0.01659890290820503	0.07949523940306666
-0.03022428857245487	0.0243887472954403
-0.04108795812842493	0.005562174108082203
-0.04021142445774496	-0.02286372109798976
-0.01659428745197169	-0.02943429395082935
-0.001284175399473009	-0.03749355174003358
0.0106440612456008	-0.02972931878460724
0.03324789967489374	-0.02050198499812087
0.03357274486393277	0.00948954628576824
0.01960073047561119	0.03174251146462349
0.01539364852295958	0.08072745143847794
