-0.0967234868171065	-0.03642239268383084
-0.08678925438775897	-0.09192930208328565
-0.07575107874186067	-0.1427876140507325
-0.06130913808352315	-0.1874249157569481
-0.04703262983191258	-0.2181578575847585
-0.02477116115172766	-0.237979897415526
0.00887895097834626	-0.2406698994664857
0.04363301864370356	-0.2387113729371836
0.07478116897636722	-0.2259796960288786
0.105855833079306	-0.2070683836497528
0.1357163225011046	-0.1835360372760596
0.1641787949833355	-0.1399335524881342
0.1898084657657165	-0.05310082968379939
0.09195080749825527	0.08479777107724058
0.07791313671261796	0.09544677408883832
0.06045345025798852	0.1014196627704318
0.04656283378615123	0.09970928081694093
0.03508230274388832	0.09030187614389527
0.04558753243298774	0.08424626142475142
0.06186978780004963	0.07980454875901145
0.07693785794530489	0.0799837894644576
-0.08895779535822873	0.09037151722316678
-0.08091774910515823	0.09664770089872331
-0.06710064267986514	0.1045377870380065
-0.05201421798495361	0.1031720985489343
-0.03449934194949902	0.09256446978064983
-0.05181206580147346	0.08617794940678682
-0.06570264777905069	0.08446756786361882
-0.07497529129401746	0.08435726606989531
0.02054846367896183	0.1426637533296652
0.04363821375599604	0.1506641297645854
0.07485987440875257	0.1572160794909244
0.09942112902282263	0.1389665670599246
0.1274045142867517	0.1253931703266722
-0.04084609235596467	0.1388431800343734
-0.0619116950490932	0.155589127110276
-0.08516684262827123	0.1614930764698239
-0.09896553742379753	0.1520580963141539
-0.09977545304645259	0.1226907739868956
-0.05773870399511181	-0.09776424381613934
-0.03266159584654263	-0.06192770943495331
-0.01980144731252052	-0.07104560651341228
-0.01063906893575723	-0.06166574269195678
0.04429721024778941	-0.09964078096970001
0.01460215241207176	-0.1370774182332781
-0.009738572746237037	-0.1373669608692221
-0.03063876698623233	-0.1345252934586664
-0.03087508238588172	0.08024645905887452
-0.0396148021195771	0.03533339075477912
-0.04743433014142449	0.01051812887933111
-0.0459811800172707	-0.01418684229015697
-0.03773897049295628	-0.02490477312571365
-0.02721536366835018	-0.03250528227156725
-0.01104337261884589	-0.02767750189809542
0.01441967371216631	-0.02428432524537349
0.02102498188117268	0.005151901089024392
0.01042786501002239	0.0189321144206704
0.006289036214789888	0.07450796245829912
