-0.1942703946101972	-0.05959012437789866
-0.1797373655591926	-0.1087128596413458
-0.1570624398406241	-0.1658581621800565
-0.1269679360965744	-0.2042121793204999
-0.0906363378821024	-0.2237546990649855
-0.05301398700023051	-0.2370132144708297
0.01898094929896757	-0.2461322800787635
0.05117811921775284	-0.2309196008093485
0.07096360191737297	-0.1808097361647589
0.08228242189250577	-0.1415902825007645
0.08873607195771409	-0.1101700241924343
0.09406134651896421	-0.07557728099410092
0.1018056901985073	-0.03787304080005645
0.08851763549992375	0.08374970975438388
0.08507854351031413	0.09011499468527687
0.07107837875446554	0.1013912695983146
0.05207777768741222	0.09698788393065912
0.03291478772687662	0.08312800923578978
0.04941513504534389	0.07969154175730957
0.06940877483483082	0.07304197851851785
0.0788955429437814	0.07445562962257436
-0.1043051481560068	0.08233126001035186
-0.08404085886784407	0.09144259001718807
-0.06498612830391723	0.09899813087388765
-0.05082364402767661	0.09717840484685221
-0.03564104485267123	0.08588178971139965
-0.05114842342608747	0.07826533295209881
-0.06775703094688668	0.07539741967224629
-0.08546693698958964	0.07727809800058998
0.04678791996293231	0.1333394372534268
0.07664723715951582	0.1501687756625706
0.0921004862360587	0.1546330772328273
0.09782337122694816	0.1434989415744542
0.1009918254479227	0.1213727631965026
-0.01942998971560052	0.1344765456506822
-0.05818063459543822	0.1509075093463917
-0.09118139981404774	0.1577804337818961
-0.1127093190759778	0.1439611349686439
-0.1404202269729691	0.1144824826212993
-0.04378108270729634	-0.112624055359381
0.008815711871160686	-0.08041966417697084
0.02416063016369648	-0.08225975388650246
0.03606644574373599	-0.07773449981350679
0.06043809847843338	-0.1049544522801138
0.04202449241199444	-0.1440520727288903
0.0242875916989527	-0.1437474907987146
-0.0006253600330961364	-0.1480493248233633
-0.007316076904482565	0.0822423024672065
-0.003560557302649325	0.025421888099549
-0.02052100786242651	0.00206488984564501
-0.02092698241258631	-0.02157646761785779
-0.00931888118037468	-0.03438819025003234
0.02610094263507214	-0.03814954710815058
0.0451827376452895	-0.02901794625198995
0.04929852325825555	0.004018971397499967
0.044920439932801	0.0245893618339001
0.03578551586998262	0.04366485435409869
0.02700244838906036	0.08322953721728439
