-0.1442142685718346	-0.05014307920217653
-0.1365850586609365	-0.1000945506689935
-0.1252868465862445	-0.1468910127468912
-0.1101628509061534	-0.1808909441978472
-0.08295682432607591	-0.2134800172020577
-0.04487437257931798	-0.2446385346124367
-0.00162994783583	-0.254985602456747
0.05170336984700764	-0.2381720848689911
0.08965139647984251	-0.2034276505938954
0.1144685524615644	-0.1604330714559232
0.1260242796085784	-0.1172228682546508
0.1351165148440231	-0.07718735807439442
0.1391774571940621	-0.04992863509177995
0.09555964243110422	0.08579672339236781
0.08250722220077497	0.09886762192231677
0.07052973109241244	0.1038843762066835
0.0535208014464771	0.096124214072885
0.04012874208819983	0.08830528262494962
0.05210624515600303	0.08328852814613924
0.07005946046867702	0.07495993092036042
0.08216758307282697	0.07797779194443244
-0.1045941723261961	0.08744359864386977
-0.09114982484128059	0.09847635410485678
-0.07293537162257457	0.1062169161281992
-0.05254485138913245	0.09945603482053984
-0.03587563321111963	0.08632633226479371
-0.05165278092572672	0.0801535220378928
-0.07335338922021908	0.08050634327602091
-0.09387450448779594	0.07923264457023248
0.040912525229616	0.1365126156923643
0.07485186176072849	0.1472121515812282
0.09909424378874354	0.1548547079967559
0.1146101667234211	0.1449584305367357
0.1263263965902011	0.1238725532704568
-0.03501347179445057	0.1393543962470618
-0.07335718400501631	0.154443838513291
-0.1009289765177528	0.164536127383384
-0.1168367431853758	0.1503287375319224
-0.1318263251276537	0.1184257533701689
-0.06076360181738108	-0.1093639678736842
-0.01319699915114556	-0.0763832969995461
0.004834594631225065	-0.07989115135103106
0.01455767555014587	-0.07522724164034275
0.06223252966004921	-0.1097564160329354
0.02800581781985865	-0.1381319814166259
0.002688435496563937	-0.137720356541588
-0.01424204275636961	-0.1406597052111105
-0.01792241731511475	0.07799777091733677
-0.02242750290084746	0.02342159268295447
-0.0385181642997969	-0.002034177081681952
-0.03647275075529335	-0.02457011573782899
-0.01844119285124452	-0.02807796950598309
-0.00295139594350356	-0.03958115328447416
0.01408358797272445	-0.03021408366554313
0.03219355983590436	-0.02890121906161533
0.03740780938871937	-0.004875921369170359
0.02815499734354135	0.01938450657149905
0.02191426572838712	0.08056476882825699
