-0.1299160857058391	-0.0525089361201391
-0.1216602128631479	-0.1043301716253077
-0.1070776772283785	-0.1640751572025791
-0.08334575067546379	-0.2032256942858666
-0.06549460101936017	-0.2269301121890453
-0.03591025476624174	-0.2437810158477842
-0.001097702359545856	-0.2488636830708635
0.03086367581133399	-0.2447187797495871
0.06041958715179423	-0.2238239149614703
0.09353999900793801	-0.2001208135063976
0.1149879468298152	-0.144020882324466
0.1288914121169875	-0.0814348317311291
0.1369425064738407	-0.04114835003414119
0.09928251143771764	0.08790364153266435
0.08410431245782464	0.09937151102377922
0.06640114785111983	0.1064597103821329
0.04875675478675293	0.09542728694551864
0.03693440000454583	0.08706935393591198
0.04890467663512563	0.07881113956476046
0.06782576897384748	0.07316049704869082
0.08737099515238449	0.07804123377243491
-0.09792051679447542	0.08600284815585084
-0.08131572911946046	0.09860665305433537
-0.06298843399087417	0.1020497769503401
-0.04650314312149125	0.09352398384049593
-0.03506780523632742	0.07623886298939307
-0.05574172979762238	0.07142505138955856
-0.07050452507411178	0.0707901529634188
-0.0862176924091736	0.07323118514788926
0.02817389211843173	0.1494888418008685
0.05443270575501491	0.1720888428335486
0.08351248215649679	0.1658361539618041
0.1156217801849891	0.1533648763110489
0.1235513416540957	0.115150853864005
-0.03114468649063856	0.1424359647615188
-0.06628355159809234	0.1611258226485402
-0.09762076233788365	0.1675122965763173
-0.1111959829339371	0.1486899114415666
-0.1290490349706488	0.1150234040489101
-0.06049960428275843	-0.08530832292182691
-0.01921050430832416	-0.05756007825436363
0.003275093191188444	-0.06040240572383936
0.02047367674916561	-0.05689238963161171
0.06939452103516959	-0.09149667013240186
0.02451052461198305	-0.1416783497862313
0.001846603442631864	-0.1418449830150918
-0.02438188542494952	-0.1448198489293879
-0.01760173385103887	0.08426235931894419
-0.02289070416787769	0.03324381449401968
-0.03795131660190414	0.008470413346670484
-0.04519994357918593	-0.01827575146993616
-0.02194222586328586	-0.02720289585024133
-0.002070744296619925	-0.0359293688666881
0.01417738417804003	-0.02934349589838067
0.03128681809356903	-0.02733794402327119
0.04227827978987739	0.005225406297950224
0.02944671223345333	0.01806399708416832
0.02059703098353554	0.07897899966499781
