-0.1476140698347367	-0.02067823832627444
-0.1401377152877692	-0.06255092105790874
-0.1227478748456249	-0.1271970755236978
-0.0973888736343809	-0.1861499666829987
-0.0595872202037724	-0.2202442680728418
-0.03355902793425902	-0.2370598292192577
-0.001642197661737919	-0.2468911437615021
0.04683415562838514	-0.2330886760918293
0.07162745933143733	-0.2119044672801142
0.1051875957716564	-0.1782081910263572
0.1221919660622072	-0.1368985463060295
0.1334438647036059	-0.07539736713018229
0.1436334290892319	-0.01257209609325976
0.099333301876548	0.09603234021998716
0.08379582557025503	0.1036788104318483
0.07135692890587231	0.1100674117428057
0.0541799915782469	0.1054335255951499
0.03748813010633355	0.085871105199214
0.05311388287948109	0.07551038531740696
0.07365415008691606	0.07074360042600814
0.0876883333669226	0.07799250441191208
-0.1054118250274528	0.09209579202582539
-0.08836713820394504	0.1008011338479407
-0.07420064480164436	0.1039786144302586
-0.05653851271019193	0.093684040971863
-0.0418868861316689	0.08193309028014682
-0.05587696538110128	0.07332702495875058
-0.07318627212095936	0.07276451984332562
-0.09067199202897168	0.07763056916553364
0.03793680363763652	0.1347941610857059
0.06087013043358017	0.1504836889091021
0.08300575397529728	0.159354441913676
0.09841098207513886	0.1557793566729019
0.1222263727424254	0.144326172911024
-0.03856005629870576	0.1363839050886662
-0.0625077264586031	0.1519085031383624
-0.08937769472675768	0.163262421484717
-0.1065105882984616	0.1572713619316591
-0.1254152213993944	0.1430713300054572
-0.05904267697884517	-0.1115411174714886
-0.01180502841305563	-0.09098607289352789
0.001696100845805925	-0.09869874914697715
0.01471208485853531	-0.09148293385173963
0.06017417708074733	-0.1103840344958025
0.02329487375299324	-0.1360367485741601
0.004835089237961243	-0.1325609583938785
-0.01132370942527754	-0.137161757820296
-0.01917790147985567	0.07316110009665991
-0.02410008666238687	0.005072717090722491
-0.03711611107704331	-0.002143099517467138
-0.03942093361591053	-0.02531369351660556
-0.0324297165122597	-0.05225781366794253
0.0005494170581126707	-0.06341320085501273
0.03176062857008052	-0.05153040776731074
0.03999816481051235	-0.02273279008709776
0.03734433209320912	-0.003799082161126988
0.02889006647990421	0.005436147394023642
0.01637067454573419	0.07703347020203781
