-0.1538567358333649	-0.03409623285263021
-0.1423479977565352	-0.08380066243204935
-0.1287423427203616	-0.1347643343929542
-0.1094197516621246	-0.1773109866966135
-0.07789804041480518	-0.2192835475803445
-0.04485329421586889	-0.2503204657072183
0.004772068965134073	-0.2656390087290902
0.05261194647304274	-0.243017652093173
0.08475655968201899	-0.2116288763567708
0.110674110630521	-0.177817200335803
0.1289653543718224	-0.1335004072634419
0.1403918463471203	-0.07321062343997981
0.1434980398234164	-0.03096647868098975
0.1021145076408002	0.09066398808025648
0.09067692557128394	0.0955577089033518
0.07320356005759543	0.09880940464225391
0.05490493090877663	0.09794825475843304
0.03813300782239652	0.08629495534177244
0.05370072558304832	0.08023756605642371
0.07219065609028498	0.07703374109774452
0.08928141746336908	0.08191202529759492
-0.1036195147515123	0.08912994627553728
-0.09065891789954741	0.09517186726012014
-0.07344062292030412	0.09734018167774941
-0.05990611001014336	0.09118713827108492
-0.04605272903411573	0.07825909115596327
-0.05901336432605885	0.07221712793468577
-0.07426221354625435	0.07149950342699302
-0.08976617411382116	0.07620189726205737
0.03799809841871458	0.1324605788717077
0.06792194996922983	0.1460908258542197
0.08691829716407726	0.1537748310067316
0.1066799164697651	0.1451988085371871
0.1184363454868008	0.1335301032256237
-0.04237635254171887	0.130036091219618
-0.0643624569379683	0.1425814151903578
-0.08831796675492908	0.1536760511495195
-0.1073143442035288	0.1459920445732389
-0.1270722708054581	0.1328402454485131
-0.07512547810777423	-0.08335306183830639
-0.02988899855104148	-0.07036021510295917
0.0009275670060371844	-0.07569994962686263
0.03123400442634683	-0.07019972387061887
0.07946014757568719	-0.07743615002232485
0.03645556153373891	-0.1378540010057333
0.001002401835808671	-0.1422383997753733
-0.03089452624623958	-0.1355915424797667
-0.01943008519124137	0.07543798886707634
-0.02354914953355814	0.01141812147984093
-0.03555692755129668	0.006779047031186677
-0.04266937073209581	-0.01528367640098397
-0.03129188388024782	-0.04055021470724963
0.003275904507352001	-0.06065142909517191
0.0346590347655782	-0.03473056407468664
0.04590160070539146	-0.01383144907185433
0.0397345688837748	0.008964356609601192
0.0251197035332285	0.0164245232625582
0.01608686052975761	0.07846742386395317
