-0.2096276879847435	-0.04529973952726435
-0.1786623299477653	-0.1153890901921976
-0.1518023872028008	-0.1584534018514442
-0.1213671044620707	-0.2080802555013682
-0.08810670180566231	-0.2274214880452492
-0.03955236120259826	-0.2456000869046249
0.0159189790847323	-0.2468505359516098
0.05086805218135031	-0.2209571835257702
0.06867713765473885	-0.1854319483929727
0.08187780370547096	-0.1297541804077719
0.08847139650236797	-0.09508160710793434
0.0925091791293655	-0.0537689974199028
0.1006253970309055	-0.0121462843934434
0.08166150232401913	0.08892620101088701
0.07685995232259128	0.09812920933569144
0.06523121143228644	0.1027125995652522
0.05106015543800539	0.1002684553953968
0.03384390081271816	0.08392429001394473
0.04823506278987776	0.06998287705353787
0.06373562253675819	0.06842751504990949
0.07443456455715775	0.07607511553132559
-0.09882018413617061	0.08887456477359847
-0.080880723635864	0.09570575766764029
-0.06354760697165136	0.09702341971703249
-0.0445750546233963	0.090264592175116
-0.0377343173278239	0.08121663321284359
-0.04720707737900606	0.07092853374749208
-0.0653531301053047	0.06681534896264132
-0.08024736701373622	0.073884250387507
0.04286287906836679	0.140650987461275
0.06334457375764507	0.1545097086035813
0.07965807033550545	0.155749859221036
0.09261636785696953	0.1471669363193344
0.09181691136417351	0.1307039128280005
-0.02372071060164198	0.1396898632472494
-0.04433268148076444	0.1545252223757649
-0.07187528717354666	0.1660999714862331
-0.09563589676398811	0.1683942669084705
-0.1204025535354296	0.1569435267198141
-0.05252904728742981	-0.1153684298649062
0.008116560827751499	-0.09025530158148402
0.0229074230742414	-0.0959651693181444
0.03269011890133646	-0.08975410384249563
0.05198614728104811	-0.1142574615166264
0.03437012939349532	-0.1388331463920621
0.01764338690850351	-0.1346372752901227
0.00234945984511732	-0.1357999183201096
-0.009172148390473169	0.06971934034907128
-0.001361023458033738	0.007437787914580287
-0.01522214982755353	0.0009166906700266441
-0.0231452394570042	-0.02975646748570727
-0.005385386433100684	-0.04754233725706593
0.02908770850885967	-0.05585656879790103
0.04742689962162313	-0.04079382837343077
0.05311773283330546	-0.0212252496088394
0.04738637384759674	0.000208748658047906
0.03685346793603614	0.03084571479223751
0.02202202934364199	0.07755815571590674
