-0.1380666815343959	-0.03748517191696665
-0.1288656092009725	-0.09940973475839969
-0.1177272254430522	-0.1430232162635082
-0.09553734434895828	-0.1925416185898394
-0.07391648634997072	-0.2134807236220757
-0.04235710366358463	-0.2377840504249724
0.004347001111213774	-0.2534660447390258
0.05034190435049128	-0.2379754529397256
0.07277863555822119	-0.2198567891922429
0.1082042462094766	-0.1893320191810947
0.1299317732736224	-0.1400407210679876
0.1375491336946523	-0.08240894975641186
0.1459373786412803	-0.03904053351156676
0.09688696563600667	0.09225521979354515
0.08180393358006251	0.1005431671252079
0.06887686310413094	0.1050462890386753
0.05359191171497028	0.09901829101329819
0.04185630699027369	0.08147805838235123
0.05360031572793635	0.08081236704396884
0.07222423253265361	0.07921810594638981
0.08278513232300182	0.08238982327412107
-0.09719640547248538	0.09086809518778319
-0.0860130737196879	0.1005757740444904
-0.06752933692022302	0.1015748307175325
-0.05355932785177524	0.09582761843018531
-0.04375259193679294	0.07685084784192907
-0.05528635244545551	0.07362651779330422
-0.07120203782793702	0.07926856514965276
-0.09065858865828344	0.07821692731514285
0.0318926297315397	0.139460026239313
0.06030656180100707	0.1553008375361957
0.0896315503157087	0.1542849465227517
0.1038118151771601	0.1446477519718267
0.1188330972114606	0.1194505602917985
-0.04225254587279915	0.1393538123269228
-0.07422406717003947	0.1532312167246247
-0.09229566535865019	0.1626580824567775
-0.1065376492039322	0.1553859956223584
-0.1238299395530705	0.1323435833616766
-0.06918104177574474	-0.08447964145834579
-0.02457947693348602	-0.06126160891224559
-0.0008110871891386876	-0.06777967486091079
0.02114344839928136	-0.05879025833198687
0.08126528066339957	-0.08805203853014816
0.03250877964907509	-0.1427055666482294
0.002631482690333637	-0.1495222893982005
-0.03489666476378562	-0.1411470904519201
-0.01943189374840576	0.07816539565667908
-0.02774170714658707	0.01529438834148474
-0.04573485396423019	0.00521865439605955
-0.04307996385615826	-0.02584881451695325
-0.02194971461828819	-0.03771125297048594
-0.001301686821414661	-0.05870299811014033
0.02252842190676338	-0.04831178267346136
0.04218688241987226	-0.03294420000352416
0.04293267775441289	0.00741027187096813
0.02346773308316706	0.02456454887694611
0.01566002809812502	0.07876167253641682
