-0.1430083462351658	-0.06821072709382076
-0.1366207430493199	-0.107175971335519
-0.1149666134003029	-0.1608120993240302
-0.09143079700859864	-0.1982862242401762
-0.05890183769011208	-0.2249200262650234
-0.02754218628731233	-0.232726729798527
0.001730145191826269	-0.2324781970778361
0.03907762676593254	-0.2321611034014004
0.06418675064603482	-0.2171474157260166
0.08922733720465485	-0.1940613616131662
0.1162295911090707	-0.1642311084919757
0.1289061274282107	-0.1116490354708604
0.1375451688051187	-0.05910124224749497
0.1029787579714151	0.08861012712565904
0.08977669592830553	0.09791652996856257
0.07152772273650625	0.1071800726898075
0.05138561952039344	0.1016270499652456
0.03737975408542592	0.08670767304027568
0.05460794840448496	0.07878092822286403
0.06876225174380661	0.07621012395306312
0.08288234641631081	0.07767551342524398
-0.1059080326118888	0.08010909875864922
-0.08983772303821848	0.08966402464914858
-0.07177151700054536	0.1019269059102547
-0.05252454041936876	0.09401733132874104
-0.04231640835412414	0.08064901473361007
-0.0513209640129715	0.07115406964497696
-0.07146309752359974	0.06560107670483854
-0.08865699254734088	0.06949156846646748
0.0328395794197593	0.1458710535923053
0.04784338782510398	0.1621444381995404
0.07507409112660529	0.1650666061854163
0.1054243264079627	0.1572513123148472
0.1218259214004112	0.1277896036688781
-0.02866471464614169	0.137275871408696
-0.04303605405537662	0.1654093129190505
-0.08445533962514323	0.1690941623761628
-0.1115946690226766	0.1554087422614703
-0.1315654582944308	0.129674723082944
-0.05386211263030008	-0.1051278458193444
-0.006626371677662433	-0.08050781200423691
-0.0005014967328303861	-0.08852876795058956
0.009512465204333501	-0.07902525263621926
0.05914397636218536	-0.09878637414408468
0.02398661127591437	-0.1192673239080255
0.0007934632506298908	-0.122155241625529
-0.0204379867942821	-0.1182990301717419
-0.01416769261957185	0.09434299489085274
-0.01870061101925007	0.03375704570081308
-0.03463384535484872	0.008057316843285053
-0.0292327829305636	-0.03360725288942034
-0.01108658568151811	-0.03076224569941927
0.003079170612525205	-0.03467844745813741
0.02220046483141291	-0.02778861707163185
0.0333037836955479	-0.02769434586375185
0.03091946678511658	0.01534137191767793
0.01860114851431692	0.03945577015068173
0.01408381959413923	0.0959283652279414
