-0.2040298247710863	-0.06145681031090181
-0.1858604529709122	-0.1131991764384393
-0.1625798024016838	-0.1622410778497439
-0.1218941980015096	-0.1950303120513214
-0.07404153580314318	-0.2210473239269546
-0.03022879585236669	-0.2361704261998875
0.02384741035050802	-0.2350140733642239
0.0504343021868144	-0.2187960126559365
0.05561205037795229	-0.1984178500729813
0.06493722036045209	-0.1603773841272778
0.07322167006231398	-0.1277723322889347
0.08047060646829642	-0.09924293739341451
0.08368980228205876	-0.0570999962445749
0.08221727374204772	0.09384796964220234
0.07511677637411693	0.1047534245993254
0.06289978282727679	0.1115985767499046
0.0475608710254587	0.1021374047007063
0.03423162224941511	0.08450962645670088
0.04133218037831063	0.07360418139159765
0.05970105145291354	0.07489488828057207
0.06990826045204969	0.07621632254076012
-0.09841100436999414	0.08092914340100543
-0.08307205208625082	0.0903903152978961
-0.06671287428463564	0.09984765885735222
-0.04936417801126727	0.1011422242548205
-0.03616799949334035	0.08341464774230668
-0.04741584803772536	0.07665773834725489
-0.06273435593264756	0.07263586980843173
-0.08008816841105809	0.06998146593988323
0.03644086539923829	0.1293760626123464
0.04980593738836551	0.1565226190315036
0.07735671644957734	0.1577788106176008
0.08956341690152239	0.1482139918738042
0.09151685292154804	0.1250893343549143
-0.01863000587995258	0.1350226394613399
-0.02973977921031956	0.1649809439536962
-0.07975050295251015	0.159729722139667
-0.11143328457505	0.1448906816146351
-0.1298891403420038	0.1204829636469282
-0.04406149923779674	-0.116452360559096
0.01421833574968762	-0.08267559223755935
0.0254150835376934	-0.08951691597455014
0.03768316756812397	-0.08276387543693524
0.06208631597327496	-0.1046131493086094
0.04873154712337036	-0.1290400594135887
0.02930661731156133	-0.1398456857407592
-0.0002692338469008012	-0.1370147154734591
-0.004510798553318673	0.09145458699626989
0.005491825442021238	0.03838314001607936
-0.01503008220800309	0.007183997769289697
-0.0141377502107025	-0.02681539768445231
0.01027563049030193	-0.04594502497541032
0.03577065057295375	-0.04876064167758489
0.04806432540638377	-0.03520849990697844
0.06040403566009594	-0.00941789282242516
0.05539511021101998	0.01507810815427325
0.04121962523815362	0.0436880993651635
0.02612622750931475	0.09949836451776473
