-0.1495164316209428	-0.05572311135889778
-0.1376596405067521	-0.1020546690733145
-0.1196658038097116	-0.1562507830732979
-0.0959385511977258	-0.1970363553533967
-0.07049358586611273	-0.2231572972348458
-0.03026101340535852	-0.2396863728519224
0.01069167956471159	-0.2415696764131177
0.04642919051359708	-0.2315803306962911
0.0680740171597129	-0.2152074555459612
0.08557694769711172	-0.1909320308902406
0.1088132829387477	-0.1532459954280053
0.1218464704687627	-0.1037818796869439
0.1316596665392277	-0.04240719986770902
0.09317219986351936	0.0925414449391835
0.08389089723524451	0.1083275485605354
0.06780292228081722	0.1146732206942762
0.05099482493940884	0.1063732197355597
0.03740666005502919	0.08616263377938575
0.05247181505164024	0.08112774617425614
0.06848410357152225	0.07877117089247515
0.08342311400984707	0.08038480443085837
-0.1091923161048413	0.08072078198082559
-0.09757415399549402	0.09956382930708706
-0.07582844154198966	0.1106178948963812
-0.0576190705874552	0.09766153837513904
-0.04140495051144216	0.08466731540885866
-0.05923588741558494	0.07767808870687781
-0.07617009943848596	0.07602659955863107
-0.09312957021228449	0.07570482199286124
0.02744417557274972	0.1378508168915658
0.04602044338199325	0.1581560437500639
0.08597552641449902	0.1562537726108006
0.112140554003973	0.144778542280579
0.1223942190296227	0.1303410487331416
-0.03133943525984456	0.132744933711683
-0.04169401634520955	0.1525012659458837
-0.06686143324605313	0.1639954242688036
-0.1016013824247205	0.1540249759168154
-0.1271104869110874	0.1309278383386857
-0.05368335421018331	-0.109772645902486
-0.006378109023364723	-0.07828085769357242
0.008737513430030078	-0.08597513971346116
0.02053227859693752	-0.07644005761494996
0.06099191167569327	-0.1049364930623024
0.02857518986549767	-0.1321552635899491
0.005680521665634139	-0.1352499639412985
-0.01534508819357381	-0.1316583568136682
-0.01569401446894417	0.09712680530248866
-0.0213401749992027	0.02651989183121494
-0.03180938248878995	-0.0002824613549370256
-0.02821104642146268	-0.03213859055354717
-0.01027919345760457	-0.03046820253832972
0.008776424649512565	-0.03542740748616015
0.01969972387384234	-0.03255978442020226
0.03558589752446523	-0.0282678379951709
0.03398275183100594	0.003626215899932945
0.02143111818778206	0.03398232004055185
0.01633059207208032	0.09241366519856881
