-0.1366759171248073	-0.0469879673509811
-0.1319119298541162	-0.09601837777014248
-0.1176569565632318	-0.1430785896473869
-0.09938259533616776	-0.1853620628064306
-0.07781501434115549	-0.2190770379503966
-0.04208062789826073	-0.2510832394453159
0.0002108397223187595	-0.2496961181298386
0.04486033174202632	-0.2396883442035429
0.08145264201800646	-0.1892185383114002
0.1035994205946972	-0.1454435078810249
0.1166035255757095	-0.09740629867608948
0.1219467042625834	-0.06894664734133273
0.131587946604406	-0.03072432709756391
0.09671147673480107	0.08375775190870381
0.09121043063555026	0.1028206797118168
0.07185066208517875	0.1089043135662358
0.0537341378471974	0.1036651627588967
0.03672154792132494	0.08461034438953195
0.05098744534998625	0.07130930741312871
0.0712126807749929	0.06392692807492756
0.08752854951075767	0.07051709956066662
-0.09735540527018435	0.08585318012567933
-0.08536701265292958	0.09893704042449827
-0.06898147010407241	0.1067736569616758
-0.05343205721809613	0.09965264685532491
-0.03324708210550709	0.07476748329726673
-0.05531328284067215	0.0659980460257746
-0.07142009763963812	0.06314729163021068
-0.08790469967175259	0.07032056765434277
0.03279366196444786	0.1485983737310556
0.05922756306030741	0.1683769270372255
0.09123223200836401	0.1703390228294467
0.1059161501891951	0.1645167597625484
0.119863066758157	0.1287270387987707
-0.02633075359020975	0.1481522181353175
-0.05932933352921006	0.1787551165546097
-0.0856533066650553	0.1777258486993123
-0.1054714160894887	0.1588278533210166
-0.1171920045760724	0.1169706895398068
-0.06132712812963513	-0.1087164552319685
-0.01420959507368702	-0.07133865514262618
-0.003405679576947302	-0.07944475962223907
0.01297986245335305	-0.07160815236189808
0.05605621599570112	-0.1065254253501065
0.0199810462831794	-0.1645262695138647
-0.001736778126727869	-0.1670633516524508
-0.02296686210574646	-0.1608752266997139
-0.01395697809139139	0.06743740387285233
-0.0225640155952177	0.01415297412696031
-0.03576627976143226	-0.003864503542148608
-0.03629428517174998	-0.03009257834485848
-0.01426837569085343	-0.03882597939857306
-0.0005196183070937431	-0.04459596882652416
0.01299075876062003	-0.03784897590538641
0.02708790330214461	-0.03738658288847832
0.03558497573860999	-0.002851436519231316
0.02648261707925549	0.01891350481017156
0.01912216372824532	0.07184014603374067
