-0.1433690716144644	-0.04483491226019502
-0.1324069214862464	-0.09276627039727627
-0.1204417878340419	-0.1406782424189463
-0.09258481173429529	-0.1802582840998354
-0.06485734129967417	-0.2131541926837001
-0.03628233918876587	-0.2380096906184253
0.006074999894624142	-0.2492248480932864
0.04598606688284382	-0.2377528424398867
0.07157073029734129	-0.2118478448935574
0.09591932340631407	-0.1739307695468728
0.1143019919583725	-0.1388040310077236
0.1263301575269371	-0.08641514159781048
0.1294871100273162	-0.0422221462633657
0.09464651203690763	0.09885954083275869
0.0863897144010627	0.1107355008451287
0.06915809311821097	0.119762877123705
0.04714486373832304	0.1166616641643245
0.03457269107173178	0.09234611821333386
0.05478730505944373	0.08471388106891564
0.07389525741978728	0.08240945735847824
0.08582716815761793	0.08799003263698771
-0.0999789899445778	0.09776273409745879
-0.08519367099050064	0.1114225402674176
-0.06829884579016754	0.1197738965209517
-0.04710720402478057	0.1134979168371786
-0.0356602024757683	0.0923224750828187
-0.04766977953783519	0.09075241820263449
-0.06569711286195684	0.0890657587984387
-0.0827214634332875	0.08739852530699584
0.02381779117796715	0.1295828960428049
0.0484772464498068	0.1514580110948565
0.09355849726245773	0.15500625759861
0.1098130909604332	0.144622613910053
0.1222889602064065	0.1221297850696328
-0.03131893216591888	0.1271771483414941
-0.04973484198863101	0.1455428771222428
-0.1030988253207731	0.155207412615014
-0.1260113863060935	0.1467394243750597
-0.1295569453458684	0.1225988265964984
-0.05365813937796657	-0.1179868519307891
-0.01596028870817884	-0.09585908794727896
0.003173627227024014	-0.09950027336746141
0.01808847213049542	-0.09252461980760011
0.06759603541678909	-0.1102878524803124
0.02490926729789542	-0.1338496563989685
0.003873065502883466	-0.1355946019483681
-0.01523494597507628	-0.1332902092427304
-0.02246631716796896	0.08455418979576368
-0.02610815972969097	0.01360521761138916
-0.03672616759104098	-0.007997801348187583
-0.03618215933622108	-0.03607120450312288
-0.0180253213109683	-0.04106862844927409
0.001238121152025494	-0.05139399632756061
0.01808116535789002	-0.04036895457318577
0.03916911791376627	-0.0412976752043527
0.03543493559378555	-0.00392478972903094
0.0230108873324217	0.01589434443240838
0.01772970656187997	0.08132107761575234
