-0.1464679907584166	-0.0351140329525767
-0.1396524225421751	-0.08212312914223552
-0.1300527167043668	-0.1222767573467985
-0.1092739379131615	-0.1633646289157643
-0.08121237599491556	-0.2095828076379657
-0.04014914363199809	-0.2512658993264262
0.005930162478124655	-0.2644045610488592
0.04898209834930931	-0.2506485760971697
0.0779780822946385	-0.2131092373373409
0.1053599767984121	-0.1594256025218068
0.1270229962624405	-0.1154074217368367
0.1343211759588872	-0.06652252489059617
0.1371632920869633	-0.034007945896724
0.103305577985589	0.08626463409192382
0.08358101079577981	0.09903405216750909
0.06501871395890474	0.1077956092228427
0.04908231650586919	0.1004505264810475
0.03638187763109306	0.08782442650789277
0.04978511742479494	0.08157156058178439
0.06910808328890189	0.07959014452620705
0.0853958910507934	0.07749574971008535
-0.1075325122118371	0.08921879771166936
-0.0898738561675045	0.104730180980645
-0.07181360066554079	0.109453612410614
-0.05234005582445133	0.1034267337405815
-0.03742304429592801	0.08372651252643204
-0.05452179089704313	0.08038924767117311
-0.06974768023109225	0.08117283151206793
-0.08912085531637486	0.08450272110150613
0.03189090809623628	0.1268178631159357
0.05719143653599645	0.1547670428538675
0.09776040613830812	0.153576544639362
0.1111637061492117	0.147323680954939
0.1250689367232092	0.127585834711657
-0.02982363452404279	0.1245204365780601
-0.04686446358307881	0.1468423005622926
-0.1018985914069347	0.1555964756781335
-0.1289136600808882	0.1464885981599878
-0.136914701660691	0.1164826850437254
-0.06519489888120364	-0.09555570715256258
-0.001205935571271844	-0.09992549565020017
0.006988166186999396	-0.1023211318390353
0.01690449979049522	-0.09655055894733554
0.07113544615618955	-0.08372875938453254
0.02438037694074767	-0.1340825146468288
0.007331829524607869	-0.138768253409563
-0.01522705215765745	-0.1315058888815716
-0.01840129996551632	0.08983610978388275
-0.02262188979203472	0.01270808306707274
-0.03324873114090258	-0.001191166443517698
-0.04028825378365641	-0.02981091261145565
-0.02253690582220524	-0.04400412971178424
0.006393442971169751	-0.05913154261081398
0.02521441842859525	-0.04762798838541779
0.04095008565898878	-0.03488890703641875
0.03777199518903551	-0.003948782906039883
0.02376636512424451	0.01848604126079361
0.01999360904036342	0.09261582711448131
