-0.09050237865854598	-0.02177802275783704
-0.07937362254588473	-0.08097262115944409
-0.06715551794564323	-0.1362714501489158
-0.05290309828384145	-0.1890092239922847
-0.04010731649929657	-0.2233863464019492
-0.02190086057490997	-0.2395923164657933
-0.004350483838541836	-0.2440027154513105
0.02420791383853838	-0.2408654433435284
0.05207408913023388	-0.2272401856717886
0.08524266011184091	-0.1993667019388559
0.1256755792073259	-0.1572990474863336
0.161167236928608	-0.1164036096429092
0.1871312034942982	-0.02944386901155025
0.09049533817246155	0.09754203152299669
0.07697745675018404	0.1057669063581846
0.05851825771204584	0.1128196440516672
0.03969803764764744	0.1067962425539423
0.02840113824673192	0.08878768518396521
0.04896683384005065	0.08691125447627131
0.06459122940031375	0.08386261796621379
0.0784701583574146	0.08871378419719175
-0.08154724376684117	0.08920628631522026
-0.07417451418289717	0.1073232343852542
-0.06127661741072645	0.1122015174863173
-0.04765040237170462	0.1078994505408009
-0.03231486473301944	0.09438996614420718
-0.04234185322009047	0.08681518791271381
-0.05614857363758598	0.08457919486016191
-0.06981090348443418	0.08757364628950359
0.01589419491998329	0.133625656017588
0.03707367331096267	0.1539785671383683
0.0813647620436197	0.157990040896281
0.1067273173650485	0.1520553339250479
0.1249698872911287	0.1371569501817059
-0.04307636226394219	0.131328086114762
-0.06328097870836653	0.146280644669507
-0.08875184818275798	0.1482925432136466
-0.09579965289061934	0.1419440890855509
-0.09717784929917569	0.1275874812500592
-0.05375213225885996	-0.113086604988221
-0.03449862531209469	-0.09137193166069173
-0.01992749047757067	-0.09700864340545001
-0.004995318377535943	-0.08956933327911318
0.05361418939058962	-0.1003478725656893
0.01139969157122527	-0.1358232424744424
-0.01327067029178054	-0.1403765105291432
-0.02994828953119581	-0.1399160184518665
-0.02740965111825035	0.09425452642859043
-0.03764709874771536	0.04350150586973632
-0.05268138502924311	-0.00319318057165542
-0.0484982994417465	-0.02948083785994339
-0.03992170751450095	-0.03887788957053301
-0.02244355039318367	-0.04590351012521957
-0.007511349097476404	-0.0384642008050156
0.01708677314927502	-0.03652617324584397
0.01889822885679128	-0.006478234383069922
0.007559042797408732	0.009538120885043541
0.005945616556252729	0.09333354146790429
