-0.2141084001196674	-0.03658021183525654
-0.1801702800544805	-0.1283554943010201
-0.1386605605520385	-0.1758225252383586
-0.09454479259236881	-0.2063373324405365
-0.05337688694871007	-0.2367411345365545
-0.0154493315442273	-0.2486611443250302
0.01457130856855967	-0.2353637771691717
0.0388440868779471	-0.2179154080309819
0.04076323424663644	-0.1930679255117485
0.0442565226693032	-0.1525408554852516
0.0537441333032778	-0.1096163059771657
0.05581116021845484	-0.08083964685189952
0.05719135244343272	-0.04416778024818315
0.06251495191643666	0.09728087175298591
0.06300787933573859	0.1103780101361879
0.05347751031286282	0.1186060747716346
0.04257016321713986	0.1163934544080552
0.03018731053622539	0.1011207055211193
0.03947121548258981	0.08634406194655153
0.05023067585232702	0.08462757430359892
0.05627423349439763	0.08833480101673388
-0.02808257976086207	0.09544440918556053
-0.03363320243727234	0.1048342620036467
-0.05195781334438263	0.1147048898363944
-0.06895800225053929	0.1074752973624351
-0.08630323902951016	0.09107774311130691
-0.07284242548927092	0.08270177073257569
-0.05432064552211321	0.07806994756600437
-0.04031761284785063	0.08410080011573894
0.04178475374443728	0.1216692591865569
0.05013857737796452	0.1344705134836891
0.05962291574154838	0.1511638933357667
0.07269260201208119	0.1585414055016921
0.07897939873043147	0.142566000673558
-0.008476420377638553	0.1196262283295627
-0.02625875513304622	0.1439036398995341
-0.05558929803276341	0.148942235288094
-0.09219243143629231	0.1437620247698631
-0.1224101731102067	0.125225830884766
-0.03734637453092308	-0.1245499050934916
0.005007825447476241	-0.09728950483852138
0.02063102506582434	-0.1005006359868085
0.04057901743601103	-0.09338205616536764
0.04396725440117273	-0.1079367404663779
0.03340174029241294	-0.1272126001525185
0.0173349075375063	-0.1357888526095287
-0.0002042346780602878	-0.1311940122614045
0.002131955674140316	0.08774937236150675
0.01032815191636875	0.01792795801159914
-0.007901078498468181	0.004186815953404549
-0.01272207020627887	-0.04547118356049355
0.01307236959791187	-0.03988417414573561
0.04215638275649933	-0.05147127767275402
0.05129568189420802	-0.04394588920726607
0.06377711873828598	-0.02605374773476213
0.06491084835419375	0.004069578919913506
0.04914297689571106	0.02958280316139892
0.03195536640745824	0.09580788831475018
