-0.1354613859749848	-0.03861266088599462
-0.1271951486307167	-0.100415150421777
-0.1074333372992489	-0.144824423427634
-0.0847332752738085	-0.187851164717098
-0.05635688584115121	-0.218886014727413
-0.03210778130288041	-0.242097779842171
0.004597241910332498	-0.2465767139480753
0.03813540573948088	-0.2418930548902602
0.06726033352210864	-0.2162049555845011
0.08830230089052669	-0.1827795636382885
0.1091726789304498	-0.1414453137364078
0.1250126342087249	-0.0962639053510595
0.1306773311738183	-0.03811559537351458
0.09314849620263048	0.09558404029378793
0.07898884656687315	0.1097832835300884
0.06308008473340312	0.1133945475530126
0.04731427512056616	0.1104150794113623
0.03084537557713026	0.09423278557340722
0.04881776919645268	0.08671001813099652
0.06667586838737879	0.08445980843627836
0.08049240014265777	0.08607819409554061
-0.09684198029608884	0.09673847849574738
-0.0833399214180815	0.1128564557646347
-0.0656533814865479	0.1185150752330956
-0.04963026678862806	0.109631274359623
-0.03637382454306447	0.09145614246291148
-0.05213966379946602	0.08847668349321962
-0.06898018141306689	0.08943016694121624
-0.08381427363575825	0.08910843928235687
0.02914169388040997	0.1271648510721408
0.05332197309403099	0.1527457186990566
0.09480021336307472	0.1562828383909055
0.1137901680881163	0.1474633835172963
0.1232338083395991	0.1226117353090207
-0.03129784395974519	0.1311290412678148
-0.04749251876813323	0.1479217105455276
-0.1010952666281965	0.1559904498428548
-0.1236693171928815	0.1475882950832723
-0.1289740045689449	0.1184605190307921
-0.0546024454073051	-0.117303374023509
-0.01256411584131501	-0.09397272696542118
0.00241290813040333	-0.1002416926556132
0.01899616011275118	-0.08933191604767637
0.06203507184736631	-0.1121361702076609
0.02389532059578752	-0.1327447892191477
0.003270558550001423	-0.1397859005246342
-0.01569080854404219	-0.1322845528854328
-0.01863012811898983	0.09447850779595815
-0.02194527947223735	0.01923724990307718
-0.03344087286719865	0.001844023137348759
-0.03555003283115772	-0.03776453990349415
-0.01769199250182288	-0.04001475087482584
0.0002518126354259615	-0.04621937184176783
0.0169780172639447	-0.04190034701893591
0.035596313188378	-0.03358395678581259
0.03488160432807216	-0.0006304420530741445
0.01967587292530289	0.01618367582033685
0.01790339576026628	0.09790835507852043
