-0.1653305076997689	-0.03637381592046587
-0.1518868319187492	-0.08778822541240117
-0.1414017011231847	-0.133769140680607
-0.1196994265087735	-0.173165853167759
-0.08786629692071173	-0.2113555108974538
-0.04593987181852473	-0.2510338537940529
0.01055640237918546	-0.2612571791274043
0.05739105901251702	-0.238991890179018
0.07716709759137688	-0.1988247306817131
0.09497702611562783	-0.1545859482776746
0.1087420602030587	-0.1102908489289226
0.1194172078257108	-0.06999689522501092
0.120036586366748	-0.02551872666562722
0.09537811253747505	0.09210806902902027
0.08442372524809218	0.1043933857556954
0.06738338787212879	0.1154153607340624
0.05112893488767197	0.1102493559665244
0.03670926844553667	0.09157693767654861
0.05172724937265461	0.08058315502248284
0.06884272293626136	0.07495245898978477
0.08711953278862988	0.08009030152657291
-0.100871317906685	0.08944857543637851
-0.09257520001788067	0.1041619928619103
-0.07324962873064772	0.1119813835154412
-0.05310056427459638	0.1063084734618814
-0.03613524271207107	0.08989521786158042
-0.05242719385144062	0.08203355258101888
-0.07474882778265395	0.0769520360423069
-0.08484216356120301	0.07844071173678215
0.03732864782470643	0.1360551664230351
0.06485650147249646	0.1518488345079219
0.09526778356139967	0.1568176990504816
0.109387204931276	0.1539249070864648
0.1182065006983534	0.133580814528735
-0.03379375209600365	0.1127800339985893
-0.05354869624588	0.1467572636480108
-0.08586981078409396	0.1499035324250209
-0.1182472427729635	0.1490063114103174
-0.1359632964823648	0.111506608254597
-0.05808848198048811	-0.1066195370024774
-0.01241521179183709	-0.09512278592513365
0.01078627246451916	-0.09949011095410479
0.03014939150382866	-0.0889751006107297
0.06346294083320032	-0.09348325073591954
0.03351852934278709	-0.1375531051619596
0.01220807969925394	-0.1426486426987882
-0.01307212847283343	-0.1422966044076019
-0.01302759440302818	0.07878872274488201
-0.01203748545978514	0.004630242102374951
-0.02621315350327567	0.003479583421591855
-0.03486594341988354	-0.03684247232596718
-0.01177706383159842	-0.04929676732624822
0.01031939099671294	-0.06038918111803842
0.03372734498418365	-0.04993043672532545
0.04520720548713647	-0.02447669381541997
0.03951533558199583	0.002564284590888811
0.02966603706962795	0.02157462905514763
0.02438709603677761	0.07826770631977839
