-0.1368236292121922	-0.06980395172828291
-0.1240483901284217	-0.1191853494607981
-0.1062470427632355	-0.1573925516426334
-0.08184884503400071	-0.1957830640586262
-0.05689235407967252	-0.214075588984155
-0.03008594015158784	-0.2336765707661276
-0.001988175783661193	-0.2407425412581809
0.03783719254144335	-0.2330492177315896
0.06946005159155604	-0.2150713537846422
0.08607418948519216	-0.1941623142795909
0.1086917026635853	-0.1608492150956793
0.1218850898044946	-0.1272742667041729
0.1385338789807378	-0.07116767410804131
0.09500724868755488	0.09346316673573384
0.08122011702661125	0.1064170623317425
0.06163890537846883	0.1145035471171307
0.04729341660983	0.1073595131326594
0.03270367130918	0.09142264011794972
0.04666532764266625	0.08474932891580747
0.06268626976583193	0.08430428269704958
0.08066181601101831	0.08631913119307823
-0.09734856966239108	0.09503536511504571
-0.08663315706766718	0.1073085851073545
-0.06757563254724548	0.1143217233131718
-0.05277625317204833	0.1038539095339985
-0.04087390028681968	0.09095237126260125
-0.05528914896097818	0.08129608342085032
-0.07040258138934892	0.08045883339734619
-0.08726124525573886	0.08469842893655374
0.03116755090491911	0.1379776436808571
0.05636799960597763	0.1624193858957372
0.08847967180387993	0.1640415465364091
0.1134361627582081	0.1457490216108802
0.1249546551622328	0.1190301389319616
-0.03385860230125948	0.1397840070883458
-0.0541030388064374	0.1579456357158259
-0.09843109876476909	0.1579199303271115
-0.1138585471112758	0.1457776061134569
-0.1270868936687566	0.1109465330007383
-0.05445005612272578	-0.09220564981780542
-0.01902267932551958	-0.07307634775281786
0.001535828151107205	-0.07993294114306648
0.02352525392052073	-0.0692299700839043
0.06537528401965673	-0.09050596349015218
0.02792351670704321	-0.1146073572560117
0.003106871356296768	-0.1252317908999208
-0.02024396406315376	-0.117040617693479
-0.01898915644476238	0.09788696270448195
-0.02617865331032277	0.008833276200873447
-0.04331646742481182	0.003023915519432581
-0.04708582045689037	-0.03081282339059227
-0.02370009184074652	-0.03774789810399148
0.002373280713286047	-0.04978600704033526
0.02164013974388224	-0.03523615556428144
0.04715493197350069	-0.03343074000246236
0.0497725179996811	-0.007104571926464938
0.0286554377294424	0.01359548026146307
0.02059195508863363	0.09678743785215126
