-0.1427492412154239	-0.07213905355541528
-0.1318315598013246	-0.1063144215644191
-0.1106869794382889	-0.1544860721873178
-0.084607056431832	-0.1863317861981916
-0.051939459198907	-0.2207820498112046
-0.03131042567742052	-0.2349098605413897
0.007254128864146442	-0.2517855985722221
0.03669670766920884	-0.2420726048465032
0.05495080337391867	-0.2196117302158782
0.08174757701005068	-0.1947375374035005
0.1058348784670504	-0.1597439740493189
0.1193925718040901	-0.1347024440816714
0.1390543381270097	-0.07570074849715885
0.09203119542351959	0.09508040904541065
0.07797388666156435	0.1053432228330593
0.06386877687726815	0.1118247315300677
0.04960442594348914	0.1057017823835637
0.03144590497087917	0.09080358395581065
0.04749004108779131	0.08807951481967359
0.06447991614552895	0.08534348317551234
0.0767733137888532	0.08518810781688403
-0.1019703385769768	0.08618658691329692
-0.08377998433639336	0.1036056808517917
-0.06858585319100492	0.1084562296492805
-0.05260541127831315	0.1006904073707231
-0.03856403322160904	0.08916714600554926
-0.05095305214555632	0.0817598738966534
-0.06991384297037702	0.07821758056142716
-0.08501238074054364	0.08092969834883974
0.03020776080218801	0.1425055853532352
0.0455452395594885	0.1587001157999274
0.09003854561296987	0.1619196773853146
0.1106517050699541	0.1465314465087502
0.1225946288576476	0.1186463557763687
-0.03225291758965029	0.1395131120799385
-0.05097472087881388	0.1548774382434694
-0.1010782229955213	0.1567713416868909
-0.1173773054958703	0.139328344102437
-0.1262704761631729	0.1091853014032156
-0.06624721290941019	-0.08066984129160112
-0.01880541840579177	-0.0686629842007373
0.004772102735885331	-0.0740035650913462
0.02664946395959214	-0.06419489883683969
0.07952618815189086	-0.07116646729524176
0.03445937908064634	-0.1197619540546771
0.008783468980167736	-0.1307832315037512
-0.0157237757323699	-0.1241702228329812
-0.01867352785107933	0.09143703982170691
-0.02145693381589122	0.02087619831204272
-0.04625093074869319	0.004801188110731176
-0.04756298056053514	-0.02417702289900376
-0.02594048129267896	-0.03453542443216234
0.001292166067114533	-0.05000737482889682
0.02422671502824878	-0.03138757473316338
0.05075269576615156	-0.02794091604766173
0.05301040009123272	0.001025333521123077
0.03813491000775671	0.02138364211001733
0.02388068667814082	0.09089920019954079
