-0.1055531626904351	-0.05068381876626383
-0.1011587350785605	-0.08043387686540028
-0.08923304750264319	-0.1244938322840685
-0.07616478935907672	-0.1569554455104169
-0.06017298094386356	-0.1881703392196476
-0.02222585910353176	-0.2403649399478245
0.006719163701065501	-0.2472528759205651
0.03589681773942016	-0.2386569969339904
0.06714631978648621	-0.2210579707130321
0.09355548935631627	-0.2033862195846699
0.1199840556625519	-0.1844241242905261
0.1586109910598746	-0.1269270456796716
0.1849051466951408	-0.0524666567988903
0.09222544665780835	0.09476480456925393
0.07495536120540953	0.1053491763926239
0.05857581835049673	0.1107577312832169
0.04014379469223174	0.1084534355220384
0.0302111212625798	0.09182474512958856
0.04750060330709827	0.08253070786879459
0.06490636728513312	0.08097857379105659
0.07853684118147988	0.08593620610984411
-0.0966829390491948	0.08856884391985986
-0.08971262698326578	0.1013702323874618
-0.0740878616270675	0.1101697404799091
-0.05674025760577282	0.1047466695040234
-0.03857964890658497	0.08898647143324301
-0.05029337857730648	0.08270942407669445
-0.07166833834184433	0.07786815091718052
-0.08520187902505272	0.07936207689423716
0.02037665835965238	0.1461781346177609
0.04283600924011613	0.1587467941536081
0.088373848675516	0.1606438311258973
0.113291514871154	0.143491493398524
0.1294384459872923	0.1225991424664547
-0.0446388118360467	0.1368301135870147
-0.05985642666544279	0.1551272977936203
-0.09468738031182065	0.1569412126129672
-0.1122676443764893	0.1468804690623957
-0.1146302744053508	0.1185225410166467
-0.04621166456560487	-0.09674676404489504
-0.02657896814646949	-0.07897319793073843
-0.008263265411686933	-0.08441084318829388
0.0102462766711879	-0.07694525618283658
0.06511579994991723	-0.09841943417375212
0.0172153494034948	-0.1286744186867733
-0.004159638737801521	-0.1335156626038128
-0.02150727200157069	-0.1280926200046856
-0.02498797707625288	0.09136348278719185
-0.03480559729280286	0.01794621168441192
-0.05159229154023383	-0.003741983343280936
-0.05486483151622653	-0.02821440064207051
-0.0405570981129171	-0.04262609374098569
-0.01656871910583276	-0.05718324596934225
0.01082787926859629	-0.03823568553404413
0.03886299169320436	-0.04123813956944183
0.04426555970677565	-0.003891580807459875
0.02519504979794608	0.01575407024676083
0.01373464432881266	0.09078168410510415
