-0.1990250708931596	-0.07072382158147619
-0.1750640849906346	-0.1320877806074012
-0.147975648728983	-0.1770455403166671
-0.1105106349171266	-0.2168993013311156
-0.06228562154527433	-0.2413503076103284
-0.01727728927365649	-0.2459737814425413
0.01688184060018344	-0.2297663589381306
0.03975936706509196	-0.2107821503276383
0.05252555749469884	-0.1801194622352145
0.06703263800442098	-0.1509793304254992
0.07452692018702911	-0.1235044669268703
0.08118534912168363	-0.1023879681800517
0.08984991014106972	-0.06601147058016543
0.08279442433682889	0.1017957682359668
0.07778782136664247	0.1153903941804264
0.0644308367928916	0.1171464084348905
0.05119208452307637	0.1124186552300945
0.03577991563697588	0.09115934532411922
0.04403217287718561	0.0874871549698308
0.05851031856421693	0.08687739072437276
0.07220160817880562	0.08766468092339434
-0.09524157888435789	0.08380528079402792
-0.08066531256674407	0.09870629019981497
-0.06277436008927048	0.1092906137712709
-0.04593550844220216	0.1044895621764464
-0.03599133190315097	0.091539450640722
-0.04529570641394366	0.07982628724593735
-0.06251795865359558	0.07432859924052126
-0.08064521982208342	0.07671175157782457
0.04051002318256938	0.1345212630680533
0.05990564844954745	0.1565505423889745
0.08509479652106378	0.1635881136824621
0.09840272962174099	0.154076706625945
0.1000456138876865	0.1370433712252485
-0.01537642364805247	0.1302257630862405
-0.02875347257342514	0.1539763122299228
-0.06999456316626167	0.1503427022281968
-0.09680650151480549	0.1383439371777616
-0.1184936519109586	0.1062667849448936
-0.05758685367819968	-0.1022548495522112
-0.002507350687651529	-0.07456771864654338
0.01304307126504729	-0.08178667647472053
0.03284218289343816	-0.07145317600259915
0.05373358781738699	-0.08972339778112806
0.03171209901032764	-0.1243438885920946
0.01701770649538898	-0.132761202255788
-0.005712757705246386	-0.1284792010888546
0.001816895767710448	0.1059734970061485
-0.008312126157622024	0.01416302071037909
-0.0309043126313925	-0.01003327798265109
-0.03126760977071176	-0.04232654798479313
-0.01089785601743007	-0.04241722270071742
0.02244548869285044	-0.05456267144429645
0.04145768870697836	-0.04283209959780479
0.05973209731885575	-0.02194905335599905
0.0573022907300436	-0.003518654801021056
0.0438762388975861	0.0124765047836674
0.03038988243690968	0.09445522593676409
