-0.1401032918814956	-0.08388321224072642
-0.1270001474564463	-0.1246861595272231
-0.1155839861148802	-0.1578596613954769
-0.08261811552719468	-0.2004716381199534
-0.05931205589016244	-0.2150137363744642
-0.03302488552889831	-0.2245822373821796
3.34489085236549e-05	-0.22928123775115
0.03049193787467868	-0.225061849587559
0.06298406607175565	-0.2158428576346257
0.08624387606387759	-0.1975235394972098
0.1059910891807602	-0.168996958602829
0.1222949218275179	-0.1277373076019616
0.1361376115505624	-0.07250776424183691
0.0913742752049219	0.09302174475009529
0.07845595370621598	0.1060148676755498
0.06350404911347172	0.1140083758645689
0.04817082545279947	0.1081099938136367
0.03442058181316446	0.09079346492158391
0.04845968878018094	0.08408886044436167
0.06544527856761154	0.08109491715814594
0.07976170205609229	0.08449352029628918
-0.1012791093586407	0.08693508718300394
-0.08665070462226807	0.1016998047628994
-0.06840567123479033	0.1100459790330258
-0.05254090373828001	0.1007635465279798
-0.04337794447357334	0.08913736046896822
-0.05685087081777046	0.08192406738971836
-0.07214943052598871	0.07728856396773545
-0.08913501117226467	0.08028249759681426
0.03306867832581824	0.1451762449111512
0.04874856650111027	0.1637036383150943
0.08864732211228166	0.166400057692176
0.1099544077608017	0.1481212812730012
0.1176499269577062	0.1175775839530467
-0.02872645053011012	0.1392893078355728
-0.04705235966037765	0.1625416796956049
-0.09063712925440161	0.1637380103217574
-0.114775111032363	0.1479704567587609
-0.1272889911378867	0.1066068059792042
-0.05619224495919106	-0.1013526483518166
-0.01553086923648176	-0.07087241978141215
0.006088188260784371	-0.07778508150084359
0.02145607587391062	-0.07062382082096191
0.0615743666495643	-0.09447430147019978
0.02775343746013894	-0.1175592144591295
0.008630233834768943	-0.1233535677599617
-0.01319681021512415	-0.1240182812048304
-0.01453713888343103	0.1035119520826742
-0.01784181896250136	0.01766071790846195
-0.04103232924715274	0.00186715780291835
-0.03905646326402279	-0.02978339330314431
-0.02312236631465743	-0.03654001215541657
0.006007312260003342	-0.04618654476983099
0.02719883786704087	-0.03412970956668934
0.0453052123488085	-0.03083516260211019
0.04732731443095027	0.008288791313027335
0.03061904039101052	0.02138591401717113
0.02322398383351814	0.09742006598954464
