-0.1567474933660591	-0.0324306278153243
-0.1481818368029183	-0.08565320913506758
-0.1349033441740796	-0.1366398532028652
-0.1054749249643337	-0.1773275495206142
-0.07874785330290042	-0.2166603063689601
-0.03673299565002424	-0.2444253040764311
0.001717608413212834	-0.2499120466089427
0.02890264490658816	-0.2401301445671251
0.06447816293957659	-0.208630120972313
0.08689155081184086	-0.1630010268184434
0.1045346627480583	-0.1208336137754196
0.1167176000893352	-0.07718193580234979
0.1247627841396377	-0.04316363183183723
0.09015776554961814	0.1034092224987395
0.08245570350742133	0.116054097113283
0.05981045179517439	0.1244855406146049
0.04636187190774569	0.1128316351504309
0.03348827786840556	0.09378037061612156
0.04802946427021899	0.08941384715123173
0.06532945462574788	0.08491809073156065
0.08021520656253454	0.08790582359768712
-0.096748590365782	0.08759843743102494
-0.08031151902069417	0.1040259150430777
-0.06329939668873939	0.1130560579601585
-0.04887304969142582	0.1062381271690496
-0.03513587196317097	0.08471164893613191
-0.05461961357587991	0.0819393401050566
-0.06783847731003045	0.07518826582837497
-0.08226483385712216	0.08200618792454001
0.03291181243142246	0.1404866627723261
0.06980968135399111	0.1608691055880377
0.09107518093283853	0.1623295429090532
0.109697438794447	0.1467161821899519
0.1167103498123072	0.1193627592787658
-0.03634477965364529	0.1375895936478501
-0.06772652239476316	0.1562575723968395
-0.09905010542547522	0.1564967928270847
-0.1108318132179046	0.1410795924189951
-0.129682364087731	0.1124811549395936
-0.05783130371896066	-0.1046273378076177
-0.01771522462095242	-0.07456843692236886
0.008838108131127828	-0.07826937623515516
0.03964410527531954	-0.06988556500558467
0.07470421247557546	-0.08872587987589169
0.03809496177564033	-0.1422886616317237
0.02228958205756719	-0.1452333613182828
0.0007369637993710947	-0.1528223571506367
-0.02375474301166706	0.05223995512218278
-0.02639648604045531	-0.004142758614114934
-0.03881061997873905	-0.01338835293333015
-0.03944161129266992	-0.04652565954871725
-0.02478556510454915	-0.04844073093041682
0.008550241389805004	-0.06474344953132004
0.03780417020888721	-0.05014491607722429
0.05424126934847526	-0.03371743062506165
0.05481485984600379	-0.001805814844076729
0.03711211645059584	0.01376443572321252
0.03136267506218488	0.06808350186224274
