-0.1590060327524596	-0.04264603035637134
-0.1479000103463096	-0.08660337749157061
-0.1228453343264212	-0.1411082986192487
-0.09270387144007648	-0.1926373669875008
-0.06048522311809588	-0.2177238735836751
-0.02099171531490154	-0.2425227333052553
0.008162546837444325	-0.2427574459864873
0.03994167871196472	-0.2304018050274106
0.06816482573912201	-0.2070876802313411
0.08889405663637423	-0.1785203328383076
0.1096766748290819	-0.1249778060688879
0.1183167787505216	-0.08023972802794928
0.1278317447900799	-0.03130491391936182
0.09867069806195257	0.1007314792394441
0.08762080372561207	0.116943278866818
0.0665616294081697	0.1230475582927196
0.04730846000165016	0.1097998200080982
0.03461950546708027	0.08848727808976992
0.05037284861702154	0.08494796423595975
0.07542483744833318	0.08316372048294343
0.09090427123923123	0.08655051320023609
-0.103111441156609	0.09691551620769233
-0.08910940688834289	0.1113430283981826
-0.06848835699306136	0.1163205081268401
-0.05032790193775454	0.1045520356251328
-0.03610540990883337	0.08707832127959353
-0.04934205036043311	0.07961802873116493
-0.0701273775836511	0.07879620944975979
-0.0910770435843791	0.08213003786033773
0.03286687876494854	0.132814443840458
0.05195573991493346	0.1502178413494634
0.0934169169732532	0.1546319321504658
0.1155701651081185	0.1471835151254636
0.1268391371198384	0.1254308365322443
-0.02844986077094656	0.1303900760023993
-0.05508878755495705	0.145985468402003
-0.09496433539437021	0.1541205999970219
-0.1176091504631202	0.1476756875478777
-0.1263053119181317	0.1306832011062545
-0.04900394932773641	-0.1132157090194123
-0.01651416049630525	-0.09250766869207515
0.008921185376436231	-0.1039885034058527
0.02007930032238704	-0.09661039250022871
0.05082051982362875	-0.1106562220842046
0.02347230463558204	-0.1297735461020697
0.006953516528933629	-0.1332014642379678
-0.0170591489152257	-0.1313760962892144
-0.01925806510819809	0.08219486697332333
-0.0198016932456628	0.01696607037168906
-0.03659290875362026	-0.005896053758464195
-0.03730220502145253	-0.0406088324407522
-0.01947036810970599	-0.04406594525556069
0.003121037006409291	-0.06259616145038453
0.02335866922593315	-0.04792212413530051
0.04173684208278652	-0.03887111690789116
0.03834383776959151	-0.005707963306049934
0.02581655503539745	0.02154453558307891
0.02329715483894653	0.0852648189523566
