-0.1394906805487526	-0.09374750240057393
-0.1289096672897645	-0.1299044510884888
-0.1142925825290526	-0.1634406840131368
-0.0886959350862954	-0.1997769805199096
-0.05893570162511155	-0.2228184781478771
-0.02811066243821517	-0.240534760707367
0.004843995164237241	-0.2476008615068219
0.03800588897297314	-0.2373213453890004
0.06624226800756014	-0.2203106714716037
0.09266793520947467	-0.1872648786110285
0.1160745011207323	-0.1555173835427233
0.1294387143365874	-0.1263188409451333
0.1369721163846184	-0.08237158675343234
0.0950306097463265	0.09427869567278381
0.08411484517111203	0.1024158946762295
0.06717683787786535	0.1092906080213647
0.05111237120278786	0.1054791385589224
0.03493624158983314	0.0923277766549464
0.04890304221446198	0.08815752218181033
0.06590475800426568	0.08661992546516593
0.08195335205337582	0.08909710518759059
-0.09728092938053483	0.0872352052553502
-0.08208993440455037	0.1017328070431794
-0.06502439142881111	0.1055322858099265
-0.05012037148044871	0.09601296551364763
-0.03821948207994692	0.08652953667532766
-0.05425207464608414	0.08538662528983487
-0.06928365013760088	0.08423175371152747
-0.08129613308231168	0.0843752793474469
0.02235317432094225	0.1285086459657867
0.03663875421387325	0.1510238426932513
0.0857694822032391	0.157109134300653
0.1106201634824591	0.1421331327961006
0.1283041067923063	0.1138980950136962
-0.02774675669068103	0.1251038336187134
-0.04647957280640008	0.1493480049427552
-0.0894606016005921	0.1551994119153919
-0.1066536505864794	0.1407257307504878
-0.1200179031677139	0.1115272184184825
-0.07227743039143365	-0.08254039361672341
-0.02602226735779522	-0.0657450088650938
-1.116004305777422e-05	-0.06739028988594539
0.01805546018252737	-0.06360272237224658
0.07296923250685163	-0.07626900979928868
0.04040979713123597	-0.1199173115150815
0.002210835318705569	-0.132805523858666
-0.04075425181179488	-0.1256198676978713
-0.01600525674635828	0.1022776940755893
-0.02091811543334475	0.02627197185298704
-0.04303667895608503	0.0185294683483199
-0.04451598451239737	-0.02148678159214884
-0.02451108816713466	-0.02306024056899917
-0.002599759901493892	-0.0326632745389615
0.01656351875565824	-0.02088206273684123
0.04259056844597525	-0.02119303498754933
0.04095514943562598	0.009519163487154095
0.02722753750103611	0.03370350263235408
0.01896741698359025	0.09652197125572558
