-0.07360208695810019	-0.03253433622171368
-0.06284618386174977	-0.0679216436148939
-0.04838984468219828	-0.1091233740795422
-0.03528208961114825	-0.1543682809990995
-0.03073989254309988	-0.2031003105971075
-0.01533063465920776	-0.2319343633351518
0.01002052484725145	-0.239416983901195
0.04002498327641432	-0.2403464072364847
0.06778352011643833	-0.2300440119445605
0.1000895317073827	-0.21456259526565
0.1413845427478228	-0.1900973431102476
0.1893167107024583	-0.146790666967347
0.2211263286549305	-0.0704479627536105
0.08306798119592029	0.0894820990135662
0.0642203594943147	0.1006106419403549
0.04569039912890185	0.1158617595790155
0.03062131433641699	0.1087287239792189
0.02295313395203375	0.08996672658330887
0.03572071908361862	0.08068894891113268
0.04798666674438285	0.07836158007836218
0.06892403197357347	0.08089543502417243
-0.06055674759208321	0.09640088119232572
-0.05949798504917491	0.1101427229593407
-0.05267681343834151	0.1179112633054548
-0.0413359730295168	0.11703748981617
-0.0253973370261126	0.09507431705209309
-0.03406874909506698	0.09021303112121692
-0.04540958950389169	0.09108680461050173
-0.05365747436734469	0.09172227631070755
-0.00266007263723006	0.1209693398204148
-0.001071926458911089	0.1415821331530924
0.03276662413240719	0.1500337340842201
0.05832953819621037	0.1452995084627809
0.08944310519462369	0.1318435660210669
-0.03398539261701633	0.131676907772295
-0.04241727879778019	0.1433853032354395
-0.05983815341266912	0.1461098726614918
-0.06819194584295635	0.1453711543670446
-0.06935658448255838	0.130255130468805
-0.03982430163449462	-0.1056363119774161
-0.04082751286429581	-0.09173560208835324
-0.03154864622818059	-0.09245050745559022
-0.01803995279801061	-0.09210892602615822
0.04091024163896131	-0.1077096278430799
0.003950937429197325	-0.1297441599336638
-0.01986763509190515	-0.1292913999648711
-0.03316455979741861	-0.1268845361007593
-0.02375887000413454	0.08941868972299226
-0.03600230590968423	0.0516563955060496
-0.05102103838836945	0.01825494710790304
-0.06529864684161261	-0.005527205128916558
-0.06567183038472843	-0.03729235431559295
-0.0407441768410151	-0.05027172386130413
-0.02155118304869475	-0.04345639067150606
0.0055721034986243	-0.04139914009183934
0.009857475318328691	-0.01270004971418208
-0.006688638070962857	0.01483928524182396
0.0005612801994494794	0.08201554609747677
