-0.215068561165254	-0.0761755315367755
-0.191244166701756	-0.1308688322959354
-0.1574598054750235	-0.1727106603612248
-0.1136660999751984	-0.2030877124657279
-0.06922705907088418	-0.2223334223222296
-0.02072496376687693	-0.2386574209542679
0.008357927953494704	-0.236233258103301
0.02986146671862949	-0.2257477757393328
0.03828713129998637	-0.1990654774005417
0.04205730878664776	-0.1586634925975348
0.05642930673105453	-0.123438189979198
0.06247788564416441	-0.08850932974663249
0.07278696520127129	-0.05620578518075968
0.06814859803206896	0.1033113663045978
0.06874463629072688	0.1158294701526432
0.06418785000672877	0.1267755442016651
0.04962173898937192	0.1262568739883501
0.02459840596242287	0.09759502807918716
0.03529905993562171	0.08964477954158027
0.04986517095297846	0.09016344975489526
0.06225164438396846	0.09338160336512986
-0.08633340720575652	0.08253662459841635
-0.06185667006064687	0.09729358956242359
-0.04758684358074555	0.1061329871946483
-0.03084110529816166	0.1039521736435286
-0.02514508364701101	0.09026957988014847
-0.03317229369646799	0.08165250039311857
-0.05700360034173905	0.07802681905791119
-0.07275831759011886	0.08163146887095099
0.03272778747638529	0.1325980125523289
0.04561154821969796	0.1511078393036676
0.06186349048604678	0.16279487074778
0.07434872555202689	0.1632394451113314
0.07712091931955821	0.1438985787570554
-0.002745813358793352	0.1341119538694666
-0.02290918512734113	0.1445023188151282
-0.06660756978511032	0.1429463063376071
-0.09638522084960155	0.1307776409976182
-0.1118964442075363	0.09828886878229465
-0.03344333053000072	-0.1155300745288132
0.01456835684246132	-0.08882671370443529
0.03037246486196082	-0.0938181424521617
0.04052992135914971	-0.08651375710622511
0.05147747794976305	-0.1013979124759809
0.0416656750163239	-0.118409773947125
0.02729708469634093	-0.124475530405828
0.006438976431044613	-0.1238297291409964
-0.003147749968186733	0.08688724821230347
0.003729935503825151	0.01076233058337601
-0.01336494837362667	-0.00650887723435354
-0.0123279563514427	-0.03563131482857028
0.0160601376803722	-0.04295173850580404
0.03607536699643464	-0.04918173458144072
0.05237669008027843	-0.03888149276066978
0.0642693586439545	-0.02179553580727719
0.05912000438759125	0.005791962116145045
0.04723074565343031	0.01786548939554745
0.02905643208149183	0.08942249199228937
