-0.1360183047801058	-0.03346339029519636
-0.1326809839848049	-0.07035104159545136
-0.1238064752075891	-0.1116629203201396
-0.09499673528095018	-0.1721484156719437
-0.06619545752746102	-0.2134516263034875
-0.04071786892215012	-0.2488539465184094
-0.004182104264285389	-0.2562157226096492
0.04120349606110559	-0.2488179949005889
0.06775572506464131	-0.2104416995573545
0.08877276362809836	-0.1720677674699369
0.1120038827776925	-0.1336929296130644
0.1285830248937325	-0.07318751511390691
0.1318795165474284	-0.01711467507845941
0.1041541742820321	0.09501608698104615
0.09307854711251419	0.1068157048163839
0.07204143419584282	0.1141843155173585
0.05211852864106321	0.1053221914586613
0.03330586821859942	0.08908272267113723
0.04991479804259429	0.08171220158461485
0.07094996827867862	0.07877029140687536
0.09087481651404528	0.08320571494233756
-0.1028587583652681	0.08459628670335544
-0.09400884582452057	0.09935579053739178
-0.07519103786294462	0.1037907172605715
-0.05526097622604999	0.0964216646519387
-0.0364347170732131	0.08167430665003873
-0.04971539192376232	0.07281506462321835
-0.06964092065695848	0.06985518961122819
-0.08735492612483786	0.07279854631753808
0.03438898177186267	0.1436790535138527
0.0565227410615599	0.1599199907648081
0.07866038571725067	0.1673075159874043
0.09748146441422588	0.1643646341440578
0.1207410871156008	0.1378147103691522
-0.03313627177149975	0.133320479112737
-0.06192914221790793	0.1554413061629244
-0.09292641278354527	0.1554277028492457
-0.1106352597448821	0.1465665504416969
-0.1294459445507315	0.1259004031091738
-0.06181258161883884	-0.1101601871186294
-0.01421805925722858	-0.09095694568925669
0.003495935228762052	-0.09390030240038606
0.02009904800252352	-0.08799074387616133
0.06106748474848594	-0.1056795811493094
0.02898064698979957	-0.1455338432246515
0.007948077982812709	-0.1484942150489242
-0.01640754354906387	-0.1470293658001013
-0.01872071160051426	0.07873093896184008
-0.01980058736404451	0.01675679953813987
-0.03307540123680518	-0.005382522080149774
-0.0363822647841132	-0.03784640980330994
-0.026415005962476	-0.046695372480084
0.001262427909046559	-0.04963436766582199
0.03447316443022663	-0.04814425512085573
0.04553972578270878	-0.03928599575117002
0.04220172449439779	-0.0009228069093317713
0.03001779484423437	0.01382752102293036
0.02445145571500032	0.08465215745407098
