-0.1419500192399269	-0.03669137667434528
-0.1352195906995743	-0.08034998529661296
-0.128572598558128	-0.1210875824176698
-0.1133265309809666	-0.1557327858576897
-0.08540138363725611	-0.2119411775946533
-0.05148588208576159	-0.2475146932670223
-0.002522005353714513	-0.2724263760502378
0.04940628385286626	-0.2475558180383055
0.08102700740956813	-0.202801530780749
0.1018153872272297	-0.162741897263572
0.1213411609668067	-0.116871467434423
0.1307548511360315	-0.06251977718240581
0.1320284151329311	-0.03032604790561299
0.1012551350329797	0.08719221052719078
0.08566435182945678	0.09551697755199741
0.06901950571782212	0.1023499726940409
0.05279190775115785	0.09457787958377148
0.03458149788676613	0.0794406701748661
0.05228032771256835	0.07409955343998072
0.07099148640810735	0.07171069756795828
0.08397353875600251	0.07792836913694465
-0.1047452804611371	0.08130720327967876
-0.09079262365418296	0.09193766848139205
-0.0722066686264084	0.09393033389871419
-0.05446608146997302	0.08712867445573974
-0.03322963887699353	0.07311838031079791
-0.0551028968541703	0.07103183606028196
-0.07040161446192522	0.06913305848279466
-0.08915449787867014	0.07298245799449031
0.03164988432079828	0.1436715797392321
0.05841769924874469	0.1663617280214881
0.08037434952453541	0.1655272812682994
0.1025813953344618	0.155929824235321
0.1163979200589834	0.1329373947672896
-0.03396976755860757	0.1374118634450199
-0.06304332057385795	0.1570450685925887
-0.09047872327922488	0.1577229660460298
-0.1077185957665804	0.1469986136255376
-0.1246246996765802	0.1245901723420225
-0.07908616834094657	-0.08751657620493862
-0.01380028348625616	-0.06957282539674867
0.006090032155483867	-0.0748514011712054
0.02450912401314261	-0.06701666896169738
0.08401325217906749	-0.07701036086019671
0.0361540205648429	-0.1675410369981555
0.01213105770514786	-0.1711507295149877
-0.01972904849677327	-0.169137501090968
-0.01493578050177419	0.08533453504978425
-0.02051979603439003	0.0120902532231256
-0.03999293961982341	0.002763738571573433
-0.04581638810983941	-0.02371317043366759
-0.02015524326241781	-0.03905875206995165
0.005255559468329398	-0.0456412892643786
0.03029084964512099	-0.03907928153563784
0.04837615367003023	-0.01956054804263551
0.04349249221397328	-0.00215972617706134
0.03220117591928465	0.009211241104736229
0.02358224470362126	0.08058817981284244
