-0.0927362892508985	-0.01441664211754542
-0.08665326662554432	-0.06547702923881751
-0.07660128966237115	-0.1239907900548658
-0.0602341585067835	-0.1654291384836335
-0.04756707433106879	-0.2153773891228692
-0.02865902792712118	-0.249696347243465
-0.004789595802328468	-0.2509209483928161
0.04013952918358112	-0.2445263233266344
0.07525756206914506	-0.217328971209643
0.1130649297333657	-0.1801199261260877
0.1465323986907252	-0.1426882261877077
0.172507170094092	-0.0816729547794131
0.18348695015265	-0.03728771926235307
0.09655982762176477	0.09186791440941816
0.08275191129769575	0.09837607680515498
0.06250838689894501	0.106664436009527
0.04687357114632511	0.09876685866054084
0.04006695991822918	0.09331624252365063
0.04583486542571853	0.07852082532242929
0.06420524558624982	0.07612836822997428
0.08410573413616712	0.08235714022321558
-0.08855354266784959	0.08831542682383059
-0.08268351680663404	0.09671394613561672
-0.06929284458036132	0.1032766879915999
-0.05208165465498335	0.09949384070233125
-0.03228325748306404	0.08252860994835191
-0.05031060289912949	0.07040391431730669
-0.06774437092578728	0.06984835894887817
-0.08061565883120145	0.073408615960984
0.01655015050124886	0.1438211291955799
0.05361560514057911	0.1665686838888815
0.08290988374158918	0.1650657655514591
0.1040900241394998	0.153829469226809
0.1296563273710922	0.1220688320345522
-0.03503716783901126	0.1348681583620694
-0.06026042390664289	0.1521116745674727
-0.08398148010509721	0.1562285698210074
-0.0966581182987762	0.1423794128464436
-0.09537848797667023	0.1249143456329197
-0.06283968327781621	-0.1101973180438037
-0.03987890205633764	-0.08672608098151242
-0.02491186007477712	-0.09184384986733311
-0.01028782054885154	-0.08244446768620457
0.05145358600191566	-0.1088112883147203
0.0004039322485206217	-0.1496907924652025
-0.02238049829219772	-0.148521856410017
-0.04097345986711145	-0.1504678665529206
-0.02323250493735601	0.08931401852647083
-0.04146405353093715	0.03080134003123929
-0.05877739554668848	0.01139026322699545
-0.05996448850876084	-0.01174807442605931
-0.04756624656114666	-0.04573304171020998
-0.03028086853687353	-0.04806984447144316
0.001480154874202186	-0.04389949347370203
0.02074085627479311	-0.02893816772827102
0.02345807583903611	0.002821333328450955
0.00545866212561805	0.01244451891943377
0.01096731060743453	0.07740976950465825
