-0.1920079911631454	-0.0304103770599485
-0.1755871119397792	-0.07812697358726736
-0.1591963253558795	-0.1303064208102913
-0.1337165226854791	-0.1587440469165579
-0.08501913934938984	-0.2200672427025916
-0.04837843923078838	-0.2485800040022718
0.005143816286179309	-0.2563788023297203
0.03879687172571463	-0.2313146420395817
0.05814103776252297	-0.1764004181251355
0.07410685206132261	-0.1259264789507192
0.09013276291694995	-0.06652685993178478
0.0970596748578494	-0.03235666817957839
0.1018746077515559	0.01968001211458669
0.09010846989466402	0.0956314054497813
0.08460811139836621	0.1075699148269054
0.0712150301213284	0.1076600903747721
0.0521713484341074	0.09737449818707983
0.03762207176043699	0.09152168743053939
0.05094510642002923	0.08101815923478728
0.07324687992911659	0.0778926215626104
0.08668003697202892	0.08375294714692674
-0.09973727320449141	0.08054504063539279
-0.08182974345787958	0.08786290258331031
-0.06282612639036099	0.092198004635901
-0.0483169144109383	0.09210031418571302
-0.03722613008448902	0.08161181572005834
-0.04960331948615017	0.06681828476454688
-0.06413255270379728	0.06394073007263892
-0.08421216972241811	0.06556358832369238
0.04798743259253439	0.1390579323403085
0.06597509172764132	0.1582767967016828
0.08275654108397633	0.1641145561066886
0.09502355296781889	0.1625442668697381
0.1015598352020733	0.1386972296270254
-0.0224264496494965	0.1246551732135429
-0.04794631686505406	0.147142320256335
-0.07248034085637478	0.1502828655153556
-0.1004327147756455	0.1430326354519737
-0.1240308653401807	0.1193885042635879
-0.05982411571183086	-0.1250247224284197
0.008417679258190898	-0.101681243102683
0.02180081099642717	-0.1032590139525291
0.03632998893048509	-0.1003814478162683
0.05970782837316461	-0.1094650126691217
0.04044378065322472	-0.152478234095566
0.02143021367417854	-0.1583009868082705
-0.0008916585745210643	-0.1581506937563731
-0.01160610139422065	0.07400088294339328
-0.008768676560331543	-0.001890326979825923
-0.02450411948220549	-0.01814897555647569
-0.0280227088335253	-0.04341603105294992
-0.009149290298413992	-0.0584199611200366
0.02433347932394151	-0.05864540043697449
0.04781148053951255	-0.05285270673719351
0.05359221349961335	-0.02313784000492496
0.04706594715937631	0.002196781020869051
0.03713128072817156	0.01862826631274721
0.02865328252428862	0.08563130328057056
