-0.1358850998615117	-0.03409896923205527
-0.1312706630376796	-0.09276469967172427
-0.1164959267859076	-0.1429950834818323
-0.09355698359060666	-0.1788719022661457
-0.07595187720954803	-0.2101813036913455
-0.04548671130151079	-0.2506992452812052
-0.005221371986041841	-0.2608281662590474
0.03931403517899371	-0.2418450759507461
0.0691894369013791	-0.201890872500113
0.09567810598835033	-0.1647484161069424
0.1146405584893014	-0.1229649786406754
0.1252258392110256	-0.06919793666142388
0.128743148888271	-0.0298213302036154
0.1031201852738475	0.08952357434152772
0.09574110666300419	0.09854800820374682
0.07635284220126283	0.1094385248284413
0.05532855434715522	0.1042935115721232
0.03729851382199256	0.09027132493083895
0.05025673855885798	0.08398510593968939
0.07208277581252309	0.08032655703991129
0.09186366767839033	0.08112497785876512
-0.1044561002767304	0.0847926418926892
-0.08981279348260215	0.09600304885330085
-0.07302615872446312	0.1056786760455376
-0.05573214181302936	0.09778403452955337
-0.03200810692552652	0.08528509611043728
-0.05313050123502379	0.07721789034741523
-0.07201140711831076	0.07053808462228535
-0.08835642937180369	0.07401256962161579
0.02810295485862584	0.1432398790187831
0.05963100359669637	0.1670481274271422
0.08374760283314542	0.1662381938892349
0.1044774676081468	0.1626164589218482
0.1212807473732045	0.1401105895859815
-0.03547723465894154	0.1453751605040331
-0.06124650156426215	0.162331082437838
-0.09208759768873032	0.1589785229835924
-0.1100686107113796	0.1464174770062902
-0.1230101781060963	0.1205222426017429
-0.06589062547407062	-0.1066625508477858
-0.01343639862414264	-0.08063157955944267
0.00495376901714816	-0.08856303427740507
0.02044797087095702	-0.0846950963237946
0.06390376283860744	-0.09785670743835839
0.02615859104785632	-0.1433976410610616
0.004185330284614522	-0.1441224985311392
-0.02426709374961275	-0.1417041413727768
-0.0155649325277903	0.0847328674034039
-0.02678812712099343	0.01197128764321753
-0.0386334894138363	-0.01396076178934128
-0.03518098457332655	-0.04186931951084377
-0.01659446914593599	-0.0439562631050388
0.002990074933831483	-0.04900235340995236
0.02072570398470463	-0.0437468936087728
0.03955757076066142	-0.03852824993122497
0.04278045955004069	-0.007918326450701261
0.03021479916212151	0.01005689742165683
0.02265519834470124	0.07906098358185389
