-0.1244395580489581	-0.09286122484058726
-0.1205986111159998	-0.1401130198040134
-0.1042137456764421	-0.176945538839824
-0.07985622666794331	-0.2072761932961857
-0.05484634651753299	-0.2291195393698887
-0.03076304911113986	-0.2352394090718302
-0.01155117581953565	-0.2352931307092122
0.02251856464259289	-0.2364889381583258
0.05152535648095255	-0.2202204461117281
0.07810942651398801	-0.1938053325525811
0.1037409859466978	-0.1658939793005016
0.1233569306804634	-0.1190223184823467
0.1268362300249885	-0.0737561543971651
0.09773249530879785	0.08927139194266022
0.08545805493712939	0.1101358204011239
0.06891239057012187	0.1170992554162202
0.05615103913566659	0.1038508715666574
0.03500810989763078	0.09266968527507467
0.04741730391483931	0.08744709200394804
0.07362319877824464	0.08116406221401531
0.09177374702563035	0.08119185380753083
-0.1003444498000215	0.08172943140047637
-0.08556922870961692	0.09340009148235781
-0.06262991538311588	0.1001744501303595
-0.04915943276072226	0.09487028288840944
-0.03571492010633977	0.07533888220446799
-0.04983780516493479	0.07215561715627895
-0.06809705205723439	0.07071322787166857
-0.08581268910036849	0.07634369099691228
0.0288531381858436	0.1514826783862936
0.05723359473497241	0.1734909958856365
0.08504437590638407	0.1741992242880926
0.1048565464963974	0.1541783854436763
0.1142214276872309	0.1093478981975128
-0.02371937353609962	0.1341796903926818
-0.05700205833228366	0.1595046989066763
-0.09022800871226495	0.157789797734499
-0.1088394656614399	0.137876435375246
-0.1213266578521343	0.1004172821544449
-0.07031414449436189	-0.09702147388550919
-0.02130842936291923	-0.05667757610689226
0.003209813259130737	-0.05713916193392569
0.02029905184547982	-0.05702979475116806
0.06650860212380386	-0.09473177999605469
0.02316147205235151	-0.117012632866444
0.004793461729165021	-0.1198696360427446
-0.01961604985498452	-0.1179934444243187
-0.01636839358499251	0.09092692934182771
-0.02069152512336753	0.04857147711477485
-0.03943768065082584	0.01301630710591503
-0.04280824976665988	-0.03083526171579963
-0.02316154220312154	-0.02523076508165953
0.0005128431231801499	-0.02278169007177374
0.01771087510577451	-0.02125773248080566
0.03776653847952584	-0.02422216273947878
0.04462113339725486	0.00940113528496481
0.02641385154287592	0.03641326390554697
0.02088522564824521	0.08948643075481139
