-0.1221448115386847	-0.08892443216036383
-0.1127985530564178	-0.1268813553093155
-0.09855502130530959	-0.1638407601196757
-0.0806525298793713	-0.1881221252782588
-0.05800613572947837	-0.2139761090252223
-0.03408892943618611	-0.2347474173484179
-0.01029259386204341	-0.2413254835739797
0.02792130656144119	-0.2332881191505
0.064086103952913	-0.2109425407420482
0.09226382160505511	-0.1765137350765093
0.1162342572258384	-0.1315169698365038
0.1292160093710038	-0.09231277564770579
0.1410803451865443	-0.05562117905169585
0.1053169278191643	0.09095111635428813
0.09354997144195384	0.1045494144426092
0.07657915715434539	0.1120099685939797
0.0587650086354467	0.1053348870655607
0.04145510488086829	0.09089191367697931
0.05545688663546109	0.08231884960101481
0.07362182500891365	0.0786559361694036
0.09298084193011057	0.07879070456652316
-0.1010369941929394	0.08649603051853723
-0.08951173999195375	0.1012840703118731
-0.07563078684169738	0.1069041498402224
-0.05738917611551934	0.1045263296380641
-0.03813929640458535	0.08661272927412129
-0.05869240871945193	0.08268031844559905
-0.07635320810377126	0.07857533672901493
-0.08985085815109801	0.07938054448356445
0.03511028640480563	0.1467246257054209
0.06117399429655718	0.1619349969404886
0.09136832028990462	0.1652922956729726
0.1080324908399643	0.1526914906543553
0.124664225224661	0.1233274083924851
-0.04344328197448676	0.143672988351259
-0.06677965051593696	0.1579614547878364
-0.08903101976500911	0.1579992404328536
-0.1050702244332425	0.1486389780067876
-0.1187094748367264	0.1146325701608397
-0.0620952709998147	-0.1041134089145426
-0.02103317221787478	-0.08077032344320061
-0.004643197964299435	-0.08174807396418553
0.01085940728639179	-0.08138327856860469
0.05182403327161106	-0.1083300438198836
0.01304106015008425	-0.1421261311067938
-0.004466378823954317	-0.1436609848899164
-0.02448290642026654	-0.1385980141939288
-0.01901020361846877	0.0828923276166498
-0.02207663300628767	0.03148995284099481
-0.03213361407468781	0.008876511686582692
-0.04033901548428638	-0.01513698616165829
-0.02672049129452343	-0.03013537862949274
-0.003505008741758484	-0.03023069803846994
0.01199759993221921	-0.02986584525854012
0.03351483796757546	-0.02599092094423513
0.03504804980874619	-0.0002897813766983043
0.02084873340524087	0.02119141186878311
0.02067198121330275	0.08310431880067988
