-0.1376764194157052	-0.07220910707373801
-0.1274758579605252	-0.1110367708850332
-0.1075362653146873	-0.1497490062707112
-0.08669965375912636	-0.1819591952357282
-0.06496610115538885	-0.2076672903903813
-0.03344728758795227	-0.2371543011847874
0.0007778216476523642	-0.2484332636654002
0.0367507492777692	-0.2428138470916268
0.06170302559862511	-0.2113592688276345
0.08670152191689307	-0.1837990250823743
0.1076812676809278	-0.1459001101806977
0.123745370033725	-0.1041646076993565
0.1302242720411818	-0.07552559030495377
0.1068753295259066	0.0864833417698585
0.09113903757146109	0.09927967996494322
0.07251176409783588	0.1094452329220071
0.05702160669720133	0.1014719307655699
0.04446852418796173	0.09223516479018076
0.05719083071616819	0.0871928139713896
0.07280406045326621	0.08478127668704648
0.08840189655873242	0.08366783818009683
-0.09962318600717718	0.08663264871927918
-0.09295970533714287	0.09969447906752657
-0.07549094077213145	0.1050946579212338
-0.05987771092053795	0.1026831109757571
-0.04998483945242009	0.08981750217681604
-0.06259946784827285	0.0857731606378881
-0.07428630927891058	0.08563465807470948
-0.08887947698221393	0.08416342131771359
0.03412950665481135	0.1427457476118781
0.06999474546098046	0.157451943379077
0.09043137252413698	0.1589924318756446
0.104204480272725	0.1474710895659825
0.1191822774813353	0.1164897480967696
-0.04471062747746372	0.1379165670364374
-0.07604476519850896	0.1518263436239761
-0.1003770028515003	0.1502396876445142
-0.1177688377883915	0.1383490047847238
-0.1271232783472681	0.1057810169971825
-0.07126629602868421	-0.08700148360879882
-0.01701993762496802	-0.06169120067613311
0.004452096568955838	-0.06533156624850892
0.0209931030376573	-0.0638372163659304
0.0738762539168748	-0.08787794890965241
0.04049726557757348	-0.147994638027876
0.007476787377207449	-0.1561756367492532
-0.023780429918869	-0.1487564029268276
-0.01767676285466517	0.07591926788935929
-0.02285867077764122	0.02003159035613631
-0.03637025056977759	0.009485212859150462
-0.037098045117047	-0.01129597933909141
-0.030126844904072	-0.02419625196537913
0.003093624912770619	-0.03289053883855971
0.03416623421938202	-0.02473255697491587
0.0456992454916758	-0.0116130557172178
0.04355144294824605	0.005239213706580025
0.03174152963912718	0.0154855119396474
0.02223792716228531	0.07769056493149339
