-0.09008102949893515	-0.02132572697978021
-0.08171915779722641	-0.07594757892823266
-0.0724859294728773	-0.1266274123545827
-0.05860863047790028	-0.1680374721667927
-0.04103047142458362	-0.2015096785814224
-0.03034180805792365	-0.233865495906053
-0.003475527355698861	-0.2487981459144041
0.03768201147452922	-0.2489716034115173
0.07819316396865278	-0.2256548191480116
0.1098207068699597	-0.1999705453170999
0.1451850321017959	-0.1676534722312838
0.1713425327422541	-0.121223701819444
0.1961977798615466	-0.06307583984344685
0.09800387631169941	0.08702380633802838
0.08110801267962595	0.09570084284509722
0.06330490820106693	0.1017409451794364
0.04959765079242401	0.1013637481096542
0.03222549311143514	0.0917436931313908
0.05017223196884477	0.08048359627838977
0.06391540086805785	0.07955577778838123
0.08063165010839889	0.07740376891395113
-0.08106126436513188	0.07817828026058307
-0.07268040272051662	0.09408089224705288
-0.05806594411735377	0.09709505155810036
-0.04617326365617818	0.09219830962195001
-0.03330148238811295	0.08732853979579999
-0.04965867633433586	0.07643044003139512
-0.05926997012259762	0.0696359467647336
-0.07003991299260139	0.06933957887937343
0.01788136576774467	0.1501188974801884
0.0380471453332895	0.1650397745579147
0.06741976624258812	0.1658480519695451
0.08910329687579559	0.1612207643512575
0.1203527637988405	0.1294307403595036
-0.04648696065006139	0.1392056187632963
-0.06653554841988171	0.1556318821981538
-0.08412318422228995	0.1538419008862871
-0.09369859672667857	0.1457424301081795
-0.09203719889492475	0.1209741740353863
-0.0524278649539654	-0.1077914880629439
-0.03947477424312958	-0.080009101014909
-0.02663892389071205	-0.08357385581580863
-0.01209625913107321	-0.07794966458336915
0.04558852387516986	-0.1090122400806443
0.007322854939577907	-0.1427151951572072
-0.0150883892939613	-0.1472498814622585
-0.03477786349443093	-0.1438737250626148
-0.03413691887672508	0.08208154483133213
-0.04281452843356473	0.04135682156853845
-0.05598308782055134	0.02140451816670939
-0.0562798535542322	-0.003417651919387353
-0.04783667508245462	-0.02538724986826707
-0.02905446008446731	-0.03140037982533584
-0.008421814121864477	-0.03344461707750038
0.01689079511139922	-0.02752411623493321
0.01802300704623097	0.002545049082901574
-0.001082410030536928	0.02030327051539337
0.008978812656553991	0.08196200214933287
