-0.1280517631241966	-0.07648057636515139
-0.1210576846282773	-0.1142263674576974
-0.1038714495239273	-0.1578248720172449
-0.08648004860708013	-0.1847369023729296
-0.06498346171556012	-0.2080824957520442
-0.03425385190536372	-0.237213600481167
-0.008626035248776701	-0.2428630063163982
0.02949652643986229	-0.2352562674099186
0.06119984064079934	-0.2092142128182402
0.08653202558618299	-0.1764322435763175
0.1153358604597235	-0.1243636219891595
0.125426986058608	-0.09038411052363068
0.1311477850183402	-0.0548137833989259
0.1057131977233484	0.09599128088352842
0.09422966196399356	0.1109272638973519
0.07627487391810671	0.1160391512749824
0.0572454279215153	0.1058101179610881
0.03977594702266976	0.09033308423986622
0.05398378544026634	0.08676837023939662
0.07385676608226754	0.08152210298927764
0.09060977295525383	0.08677189697391528
-0.09932381593345604	0.0859462267305877
-0.08865781375318997	0.1006152309123513
-0.07469263166675352	0.1073450063382646
-0.0547300340176065	0.1033771495704978
-0.03862999322256148	0.08554838742854096
-0.05433428679034469	0.08150981399001128
-0.07771163684596448	0.07800877052328434
-0.0911394607468184	0.07894946295805347
0.03709220328443937	0.1483318163896224
0.06511212404435661	0.1630697341502778
0.09310598731713356	0.1636779787932024
0.1134903339264103	0.1519724825910839
0.123809594727915	0.1204171684033836
-0.04383286495852232	0.148862314587698
-0.07242762424157709	0.1534349014446199
-0.09727542438178052	0.1564603142578338
-0.1086318716444488	0.1456937454568577
-0.121242180328789	0.1170294615436948
-0.05721782932813346	-0.1109905758476478
-0.01661365737101619	-0.08171804729156028
-0.003454543106277668	-0.08649400020071282
0.01042110560442155	-0.08104266979975776
0.05292893333272602	-0.1071448084371057
0.02233784238455108	-0.1448269303290034
0.00471529846674004	-0.1487311294103236
-0.01707600530904245	-0.143350434897814
-0.01797697703505444	0.07767812582331089
-0.02323493015266058	0.01638169656338914
-0.03572962209662809	0.003125490735030213
-0.03769993299975816	-0.02499952320074818
-0.02079386777363539	-0.03132263045793955
-0.001879981430050389	-0.03650167922813124
0.01975825647767551	-0.0303094432885815
0.03459294506561267	-0.02492528931002777
0.03551459775126511	0.001988471536677724
0.02421017431654889	0.01948131272399942
0.02371342595651788	0.08118089026649737
