-0.1129785351079179	-0.09146152160696712
-0.1084796418282516	-0.1237702897763753
-0.1009544824549796	-0.1487576202193804
-0.08440475792053913	-0.181465152710147
-0.0593486309654438	-0.20950642390921
-0.03038017366958609	-0.2314926297370419
0.002705134690492465	-0.2412458469860779
0.03745332827293698	-0.2287895688006972
0.06974767616615328	-0.2063567693240391
0.1003106625716685	-0.1801558900367188
0.1168871304465964	-0.1559660410407996
0.1359308366923693	-0.1133040831255592
0.1481176704495965	-0.08154750410396129
0.1064426752987951	0.0892892856655827
0.09278319139980408	0.09716277521292617
0.07735150611657954	0.1075687541211289
0.05953434319111776	0.1019737470968526
0.04159458822763725	0.09267200794025116
0.05622191086239927	0.08600340665573485
0.07084924299714498	0.07933481426262741
0.09317863944829823	0.08106976791508502
-0.09613081086384423	0.08114947362656809
-0.08822428404102953	0.0957308527484594
-0.0722202356576169	0.1026227703137871
-0.06021031634350889	0.100988463955406
-0.0411524666503474	0.08798865689941573
-0.05909225839661302	0.07868691895996373
-0.07307882107995764	0.07667594536417716
-0.08327565283053065	0.07701336048576161
0.03529594702188624	0.1547263637526528
0.06452311840226754	0.1686022294443666
0.09148747713542589	0.170183820510235
0.1105044412578608	0.1559484337215748
0.1233461686096231	0.1233636548045338
-0.04209359176273139	0.1436810866662624
-0.07219349383856624	0.1595201058219915
-0.093636821173965	0.1565189269455026
-0.1072278821560745	0.1384148982476692
-0.1165928693904954	0.1078018303977481
-0.05583251478746654	-0.1032478634927709
-0.02788692250690907	-0.07201268958360274
-0.01325959250217485	-0.07868134634658421
0.003507897697625278	-0.07676233894198195
0.05419254046936867	-0.1155470409536174
0.01375978574911515	-0.1315259494106853
-0.003893836414876816	-0.1321786834827634
-0.0296858675359175	-0.1263775909051256
-0.02438494916774576	0.08990765419545958
-0.02766989104165297	0.04672418971084284
-0.04119258397677152	0.002642653789252845
-0.044873009769096	-0.02444777459328428
-0.02649683135944332	-0.03000353041460176
-0.007875369242530926	-0.02814587129691141
0.006997329056453765	-0.02740106068529353
0.02448735498051059	-0.03169060693538611
0.03312977646928703	0.005130941916521406
0.01709822015253266	0.02545217659035624
0.01728850060304177	0.08729172068088489
