-0.1716795286208408	-0.02906167262274785
-0.1615384866187913	-0.08152883963258573
-0.1448592599919005	-0.134975731485218
-0.1036007044286204	-0.1852654297488415
-0.06793527746225569	-0.2172627398115511
-0.03219766126510737	-0.2348829860747906
0.01132351160999254	-0.2404607917819229
0.0547167019576725	-0.2288010955939742
0.08587854445575357	-0.1964391118621782
0.1173127899917913	-0.1525603390374272
0.1433540361118167	-0.09324961908674823
0.1466618359375991	-0.03265532751245278
0.1509425332476343	0.02944429257658282
0.1069653188300854	0.07235770728280153
0.09094230401415966	0.08560857332938708
0.06790855106588238	0.09118281471111019
0.05553276439647162	0.08313076719993406
0.0434572046569131	0.07078811922702052
0.06005288041226652	0.06476330492511377
0.07772152095753393	0.05881363622801417
0.0923434198938097	0.06558567175540787
-0.1119135593590244	0.1030322615230619
-0.09554590969705799	0.1156752513482764
-0.07905033147414083	0.1110807461985165
-0.06460075390161682	0.1049057572462405
-0.04700429737322688	0.08457895023939511
-0.06182635667853734	0.0806673429081306
-0.08016773164415622	0.08082107815969024
-0.09491761065680805	0.09128666235979728
0.03783621554955163	0.1048878088486506
0.05592171306597516	0.1392092011784225
0.1058809720721238	0.1340818406595727
0.1241500984100709	0.1195509732735298
0.1299433546982021	0.09839816528628059
-0.03780316479901465	0.1225902729500021
-0.04828880673475444	0.1491635437452708
-0.1020676197202324	0.1626468572081633
-0.127319601646591	0.1536937893539898
-0.1335296997924907	0.1345754731932607
-0.0875003399416095	-0.07634797098445388
-0.009142280194967992	-0.08667413939438788
0.001015298785011503	-0.09314939962942075
0.01466428959270926	-0.08788269336161106
0.07408050540064007	-0.08947386247540409
0.03211625407966184	-0.1369638391476989
0.004017690168502649	-0.1360556203291831
-0.01734254929258677	-0.1389875666836037
-0.02025112853733836	0.07207888038803063
-0.02717825118735813	0.01698017199718005
-0.04646470495924062	-0.000178736310416914
-0.04640898341001752	-0.03179349956156978
-0.02015614173128417	-0.03714248306437964
-0.003160224962043058	-0.04888808446217544
0.02101876641668891	-0.04001009983654621
0.04160625364917268	-0.04144384707188832
0.04349641051685618	-0.006818549309249902
0.02620018166316206	0.009217646591533202
0.02638904447390639	0.06815651398005729
