-0.1133499457340499	-0.02147737506677728
-0.1037003979710021	-0.06743048985525682
-0.09425065711832405	-0.1219529804047649
-0.07803871718383051	-0.1623430958794357
-0.05228290022526743	-0.2072428132284627
-0.03229019390516638	-0.2234279961977961
-0.002587087912621901	-0.2369816704190084
0.04362191197362613	-0.2323431852970016
0.08798765459577627	-0.214800750027319
0.1323533455572502	-0.1972582497408133
0.1718942291373094	-0.1567392604087219
0.1815322013016732	-0.1112359088389731
0.1933799184932147	-0.06292607789933607
0.101377494684395	0.08354861391522742
0.08352781927568105	0.09968388763205098
0.0655116212185933	0.1086780507263971
0.04823394374177863	0.1033649197848154
0.03916214043100506	0.08214145087514961
0.04977751090800065	0.07760686298154101
0.06675545725584223	0.07006595203647746
0.0871478490771682	0.07101940192874352
-0.09575077705214378	0.08957445361182727
-0.08771716167314234	0.112251173183557
-0.07268244921228778	0.1133295793886388
-0.05362803034321158	0.1028822074069354
-0.04445053503430162	0.08266216290673824
-0.06062341353703617	0.07875231058871564
-0.07565812698936993	0.07767386186531784
-0.08841655877927099	0.08225842353251958
0.01658757197351012	0.1255379118997823
0.03868431006349473	0.1536027222059395
0.06865382114830973	0.1514748576130376
0.09534216816007386	0.1465654979344114
0.127893510237155	0.1172263879185567
-0.04870913005233088	0.1299185761392439
-0.06002970793330426	0.150188594908774
-0.08457497237300499	0.1550479803180673
-0.0985048762216796	0.1553728099703588
-0.1066050690191633	0.1298396347764497
-0.05326607570766245	-0.1114766408338606
-0.02795478433906511	-0.08348685409802324
-0.01844424199831881	-0.08942460294621245
-0.008633959138369349	-0.08250836330352126
0.05291534604836198	-0.1096656862631484
0.009454636273149616	-0.1343742940688327
-0.00999944882095187	-0.1410656404811005
-0.03454473526341999	-0.1362062864648045
-0.02851080999418808	0.07657443958987402
-0.03372946192959057	0.03668406135539682
-0.04722059585103465	0.00984762998790799
-0.04782007936813897	-0.01586045328964287
-0.03770427757987432	-0.04181840493942071
-0.02159799626756133	-0.04076494397036388
-0.007534906932534015	-0.03537691626980109
0.02360611798576116	-0.03324508172800882
0.02232897642735827	0.003938752319099241
0.008765413262745953	0.01997408936618495
0.01431711222998476	0.07414676325267003
