-0.1138530757243299	-0.02548760743207335
-0.1011556825927699	-0.07200321662128889
-0.08751461470973264	-0.1252853302578143
-0.06643437251941542	-0.1651134099193318
-0.05212922538141732	-0.1934698955842189
-0.0218395145518826	-0.2251155787703914
0.01659897339818537	-0.2335511177640879
0.05156862961314414	-0.2245353785287228
0.09928817660224942	-0.2178804280960117
0.1322989111744935	-0.2022399038514652
0.1657587371534528	-0.1823978758824962
0.1784440404230788	-0.1323424052097462
0.1941036799206874	-0.08877017180899539
0.09316021703406903	0.07098332825703983
0.08130855614441751	0.08174700785989805
0.06603348940797377	0.09479248565544338
0.04617639427297963	0.0961620755545043
0.03061473781197515	0.08157534481902638
0.04107359787441397	0.07337662003307518
0.06333876765517295	0.06958367529735494
0.07811928102294451	0.06750613797965643
-0.09669562254029032	0.1038294067856289
-0.09230235612168267	0.1168585979626885
-0.07447588334077851	0.1152058284864175
-0.05856299062406231	0.1050085267771096
-0.04196682120207643	0.08249003752677023
-0.0573852137187358	0.08171941187888151
-0.07216572568188742	0.083796939124705
-0.08390031547063168	0.08629928035747138
0.01163671118480764	0.1285946768650665
0.03633623745748989	0.1444557715560774
0.06570853664257564	0.1416539741994902
0.09252949442831152	0.1274594467357234
0.1200336886318167	0.1009437261124451
-0.05244485716645399	0.1279355705627561
-0.06110726307838253	0.152940117236616
-0.08190800298876383	0.1610761438891013
-0.09928534712422778	0.1669303709442793
-0.1111178567090858	0.1404471977957426
-0.06347212474874681	-0.0750255774012407
-0.02710969394787587	-0.06857489932001325
-0.01728865400769432	-0.07962176857195667
-0.004772863503706688	-0.06545981318007658
0.0772976462857482	-0.08988416523074774
0.02666834940809606	-0.1424720558872431
-0.007214332037400031	-0.1444381586482238
-0.03512223437697338	-0.1372932634449814
-0.03512004839137199	0.07792642545104093
-0.04029450966720788	0.04823296926958023
-0.05803016602651323	0.01954695856223334
-0.05444429902460203	-0.006165621963279869
-0.04597059911476082	-0.02981689862096511
-0.02859328074152688	-0.0356710881978829
0.004274064810011313	-0.03384665568074024
0.03029470664935065	-0.02745859118365349
0.02753539012939409	-0.0002511636147079698
0.007444228914191123	0.01764107256937626
0.006032302783950363	0.05745291456716349
