-0.1510844883280159	-0.06493419310556285
-0.1374474998806281	-0.1138492039484338
-0.1221053284837218	-0.1580753745161667
-0.09806062754380847	-0.1963741175202496
-0.06712457719102938	-0.2229241605575747
-0.03095523400360186	-0.2470856101997401
0.003238004969838683	-0.249076437793729
0.04434612217093622	-0.2416542380310376
0.07565167718144279	-0.2179800054793206
0.1025058558904461	-0.1873432030534354
0.1196635749379847	-0.1509645837608736
0.1332341819561761	-0.1064467769168534
0.1380786955004014	-0.06552069061170512
0.09623264661637582	0.08705455718386762
0.08380168782182805	0.1032800123785351
0.06703710566627835	0.1147900840307245
0.05129007673367241	0.1122953699774063
0.03132723874617616	0.09340726743059528
0.04541622830791538	0.08654189247039962
0.0682667246226864	0.07976489115166174
0.08227324415261082	0.0810741213954483
-0.09657813621927076	0.09094896123793435
-0.08448883885983671	0.1085897151863949
-0.06786563397684092	0.1110932599050537
-0.04941948451246665	0.1066076915698872
-0.03258421363295656	0.08809080304091509
-0.04918385581256003	0.08325167297649883
-0.06668317563106865	0.08073928082356564
-0.08245379360419276	0.08058017792703075
0.03355512812757385	0.13313900510922
0.06837704665615685	0.1556807620761743
0.09731339593990548	0.1536368652425392
0.1159009487509096	0.1351376807995746
0.1267799012605313	0.09904191127621929
-0.03657183411242965	0.1359352723556613
-0.06833689120128747	0.1578052797091132
-0.09985454688605948	0.1551514713629354
-0.1224340353735092	0.1350690460006269
-0.1368808179036738	0.09054236503447292
-0.05519590461056909	-0.1025081257724891
-0.01171852110625327	-0.06936776993658642
-0.0002461559703917729	-0.07742746744922946
0.01982266269184325	-0.06904956466961661
0.05252283782494788	-0.09674976086521934
0.02027035730058081	-0.1134260078192773
0.002759255735801029	-0.114770568188218
-0.01741564807284283	-0.1126382548701154
-0.02201155256080935	0.08235787794213952
-0.02931958444938901	0.02505609862583072
-0.03610489234800564	0.002797199505658237
-0.03498134124297251	-0.02171776840896371
-0.01918715169973074	-0.02389426815322019
0.00365150211694208	-0.02950344699310746
0.01851063489386397	-0.02584980073822293
0.03772690149934511	-0.0198163481213592
0.0382849699389716	0.01172311494502716
0.02667122779360613	0.0337964027544425
0.02178392941217784	0.08396763605474754
