-0.1540228828860175	-0.06763282110291674
-0.1447361212433599	-0.1089656157020832
-0.1264889864422109	-0.1584950066324881
-0.09586988822900488	-0.2019847724491299
-0.06807761744660233	-0.2289326814924718
-0.03147654542899143	-0.2486925429146225
0.004972989462450153	-0.2530677159986614
0.04218219155454108	-0.2444163378891121
0.07128391112038558	-0.2240092751231621
0.1020098466327782	-0.1882000849231911
0.1203288378401844	-0.1548802126704949
0.130540364223561	-0.1098046643956067
0.1388828704977824	-0.05527913682064366
0.09480764720078214	0.0922305901267514
0.08757641496541028	0.1051784010267545
0.06886107340121907	0.1120953501826914
0.04939776592107445	0.104802324571395
0.03711906134504685	0.08929521932078874
0.05225959203378414	0.08471014318966998
0.06824133858001599	0.08486757040990979
0.08511099222937615	0.08503374390494955
-0.1014245394333686	0.09148116457800727
-0.08732346178165734	0.1022720304234404
-0.07141162417491383	0.1095300724972168
-0.052731281032349	0.1061634215265198
-0.03569842428979741	0.0897614915704914
-0.04895828582373422	0.08371310265323134
-0.06937941815422392	0.0835119455339116
-0.08448497667100023	0.08454670560405361
0.03223667808377238	0.1342220595329718
0.05695734282834965	0.1486682023345899
0.08270574162304016	0.1489218353675096
0.1014560641669208	0.1384545702373561
0.1275774458931584	0.1008382381637008
-0.03519524552831424	0.1288236348994395
-0.05852482458180002	0.1534483993170264
-0.08960047222523447	0.1531422905440269
-0.1108162438415746	0.143464889484367
-0.1361100053551318	0.09705724454376258
-0.06059775614311311	-0.08683288778601753
-0.01550262354345457	-0.06745186575915496
0.002313215152133706	-0.0731941189596701
0.02356393260400957	-0.06706704302899549
0.06279369184466518	-0.08325032374990422
0.02313072443611369	-0.1132298006041603
0.004508633073743511	-0.1157803492872834
-0.01683538716604396	-0.1124399543226433
-0.0187005658821122	0.07690985099197434
-0.02436777304397094	0.02122715506858329
-0.03664650378290384	0.005720023134511685
-0.04087604807470709	-0.01562556781275495
-0.03009331047474035	-0.02853842125138346
0.001063938758669886	-0.03651636860778218
0.03474495930656171	-0.03026684873410774
0.04427840246380783	-0.006501907955726254
0.04054038823488246	0.01239809494334564
0.0315100971556543	0.02769532365681743
0.02299466004645973	0.08087123663439887
