-0.1013886593288318	-0.03536986912155572
-0.09294093002727283	-0.08354268580459155
-0.08445658081256512	-0.13524635555957
-0.07253782898826044	-0.1774977526118504
-0.05895074112514626	-0.2103151366147203
-0.03655790874055671	-0.2406870534653597
-0.004659492225136142	-0.2509499030830862
0.0420914747731134	-0.245756565217944
0.07720450252576229	-0.2253818492380974
0.1140957974049218	-0.2061658013308335
0.1481915086227258	-0.1728537525599383
0.1777011861068284	-0.1231101157047279
0.1964316035607007	-0.05582200546278005
0.09597107659839643	0.09380257985089391
0.07466880166539157	0.104175352652491
0.05427400962457214	0.1122033696704959
0.04023124735781817	0.103818101328057
0.03244282046162984	0.08843519627066931
0.04395865434233329	0.08502342727643868
0.05990175351723789	0.0804804706193948
0.07666680669851499	0.08183147873490292
-0.08855464962069917	0.08953416076190565
-0.08079066808785318	0.1072709646142281
-0.06582823971046853	0.112134531746446
-0.05076816036364851	0.107582414740782
-0.03469072917133683	0.09009293902902296
-0.04785048036951525	0.08171683094433405
-0.0690184231033726	0.07914306717219781
-0.07698999454416244	0.08141454089378979
0.0187336361748679	0.133022171965865
0.04857299935447106	0.1509880008713985
0.08648161998233549	0.157266672280939
0.104325046942401	0.1397955255715785
0.1284716916036885	0.1106189094284934
-0.04481903950106471	0.130008731250731
-0.06886798957711196	0.149769681229303
-0.08834316779174449	0.1542759702133388
-0.1041031399410657	0.1411645479096626
-0.1082496011434612	0.1152256902655025
-0.05390514079418392	-0.1007940116069064
-0.03120315042311925	-0.07583969775727542
-0.01700166278744914	-0.08275490036676182
-0.0003220415921644957	-0.07316522325259216
0.04857344549332058	-0.1044392062673639
0.00631080933837381	-0.1166485099407236
-0.01307889309272107	-0.1203808895009987
-0.02810234313079206	-0.1193596867929704
-0.03020239860064455	0.08307699949933242
-0.03762451961557305	0.03238540714179833
-0.04964487473818553	-0.0006976869245684876
-0.05117891425197491	-0.02307817559462966
-0.03779937213577871	-0.0358873166072706
-0.02365893307541313	-0.03691768833255798
0.007222166359941439	-0.03424315260218155
0.02826802179314074	-0.01989983208488557
0.02712859998426868	0.004807101067127752
0.007506932357959973	0.02343689860266306
0.008662455766555732	0.08230308980296117
