-0.2134585749346587	-0.0688777255682039
-0.1937106909059182	-0.1167605432653402
-0.1643582944372628	-0.1629394306595782
-0.1302457214488803	-0.2042593343474637
-0.08432533672163278	-0.2246160266689926
-0.02515866222992475	-0.2464366152649179
0.02055967429590271	-0.2475593908158093
0.04322523863716508	-0.2296882037424926
0.05865787571877203	-0.2102899513017097
0.06785832633630019	-0.1701181343873593
0.06987640533917071	-0.1332277000945483
0.07311399639579061	-0.09792750081588734
0.07877377367155534	-0.06420489393079173
0.07234669455372263	0.08961640563876604
0.06609760843986522	0.1119928734517357
0.05041235725202017	0.1166371262145962
0.0384530345592785	0.1100994624969851
0.03504706932483607	0.09082759160631236
0.0423472844388345	0.08288922585842852
0.05320501864377751	0.07979728043250212
0.06279266776747768	0.08310400025815985
-0.09118296941815751	0.08469253136275942
-0.07929094364008255	0.09764152171906938
-0.05894654077137217	0.1074732813160149
-0.04088961601448554	0.1060599724451076
-0.03226886483829657	0.0869144220812719
-0.04541406846381562	0.07876130791513133
-0.05864346773109028	0.0786223358919238
-0.07668355524550562	0.07843282861271417
0.03708198630832948	0.1261151394808719
0.05012612145420949	0.1438852554885704
0.06928469609124349	0.1521015651906003
0.07899025972057071	0.144188467116852
0.08278348513034087	0.1265952239976815
-0.01102490494659472	0.1256097868285818
-0.02689532363714944	0.1478851845908921
-0.07993076494374052	0.1585491151356197
-0.1025289271526723	0.1342666200978654
-0.1250261172238431	0.1003670958530438
-0.0350422273699373	-0.107078711877401
0.0187412344856388	-0.07445356895147706
0.03203798364548801	-0.08072594936390516
0.04520002423667124	-0.07417562499733098
0.05385445886585743	-0.09652682513616513
0.04443512234309303	-0.1158618652121769
0.03003673254795808	-0.119219147198001
0.01557099286024858	-0.1161650767481895
-0.002218942534649967	0.08883310949367478
0.002012064391798895	0.02956622495492773
-0.01572495008233454	0.0005257722516271035
-0.01420236508057224	-0.02991539940309711
0.01708395016007217	-0.03118973634306588
0.03395503836311044	-0.03421853911874172
0.05551890003085553	-0.02597696238845912
0.06380291228079903	-0.01306591736866759
0.06233083937552623	0.01256677070163883
0.05008528060816695	0.03327726260855242
0.03147272149813014	0.08758401387729119
