-0.1516359447369564	-0.06723001892902805
-0.140230428753119	-0.1104671822411646
-0.1253692355219343	-0.1501144014028358
-0.09984762103247086	-0.194254636951976
-0.0728803791133371	-0.2219240149964141
-0.0460486122927091	-0.2425490361305235
0.002601110565352212	-0.2521839830897263
0.04476882532559415	-0.2455005859609106
0.07952853452802774	-0.2201676501629185
0.1036277439983167	-0.1903417082277679
0.1239326350216126	-0.1464947386011629
0.13454826604603	-0.1028340456376911
0.1407822243795396	-0.06043220709939609
0.09294657011964449	0.09015840724342725
0.08296373811497328	0.1052349234624747
0.06516621915023792	0.1142886939543715
0.04678133636342021	0.108062625851547
0.03117448931044361	0.09484299232140607
0.04721031558023474	0.08575536985888296
0.06491752240569711	0.08139790149781569
0.08341529477848104	0.08175362252006513
-0.09826467452165984	0.09000483073255869
-0.08803320660229988	0.107819088317839
-0.06958059836499858	0.1105229252855112
-0.0483499807758591	0.1062332050597489
-0.0365377491099526	0.08766836176803834
-0.05494521035167784	0.08261639104289394
-0.07337521408814006	0.07873846593963794
-0.08570706816198877	0.07850131847944784
0.03126507990560104	0.1359522467957454
0.06085261035537155	0.1553132273413849
0.08985278454479875	0.1593944306262622
0.1078083479888868	0.1421222231542992
0.122714670907705	0.1001268611610952
-0.03737312942474555	0.1311087938516644
-0.05627730323157934	0.1518862663963552
-0.09514739463395862	0.1570112851819917
-0.116061913686225	0.1448640879257118
-0.13203032051967	0.1046239920477191
-0.05133275435504422	-0.1052341563042078
-0.009729486012312005	-0.06919910241441847
0.0071646391530948	-0.07709572277079603
0.01848012279782934	-0.06983109725084691
0.0524941521325396	-0.09736502338676314
0.02550402608043234	-0.1143270526459865
0.004296012656060459	-0.11121140307983
-0.01415659507713369	-0.1139152662614693
-0.01713659201190045	0.08686694996271099
-0.02224131704840404	0.03156731199394185
-0.03841295098087694	0.001893821133301134
-0.02366467287748282	-0.03188308640385829
-0.01230398090321309	-0.02696660220312066
0.005403235164345545	-0.03132409661011939
0.01850304188275912	-0.02519968927504257
0.03180604931819771	-0.02964187872343581
0.04196978355319219	-0.00830541638500616
0.03072231255281477	0.02671328373309693
0.02347263950841129	0.08294989850546615
