-0.09421288404391184	-0.0246851763658852
-0.08241803765253662	-0.07398216588353515
-0.07380710126484086	-0.1224421135139809
-0.06228090434832174	-0.1675848201200071
-0.04848428329721005	-0.2115378178881012
-0.02509553136458514	-0.2465271913529051
0.004029831736464156	-0.2613302874676195
0.03780355686272571	-0.2633178616667536
0.07270592354155081	-0.2464600396798234
0.104397673468299	-0.2162519815836395
0.1313203013698334	-0.1727945194837973
0.161897025839062	-0.1374440270987662
0.1777903496366346	-0.06862697271300885
0.08109183977089814	0.0836422047846757
0.07463006849559188	0.0988680035657495
0.05688349390004343	0.107106571321384
0.03753811187727921	0.1037697108658535
0.02861759220473981	0.08442045221433161
0.0358585258613419	0.06924502484006974
0.05845500207053544	0.07070629543630477
0.07000846932501525	0.0735392600089211
-0.07443671258948713	0.0808848455438802
-0.07083618510920867	0.09780426973516268
-0.05863783508322473	0.1027647694933957
-0.04244960643948539	0.09442542650639064
-0.03060069020720532	0.08059091994359151
-0.04168406065308816	0.07048797516783681
-0.05933674131836036	0.06517475435205711
-0.07115888123633288	0.06649607119150018
0.0086682824096764	0.1509195781845228
0.03784769216299384	0.1715789635250946
0.06505210557030165	0.1743811364745722
0.09112790834322812	0.158337915237405
0.1097339520740679	0.1126101327598587
-0.04066245679126384	0.1393861656642011
-0.06239891773411328	0.1609245756652186
-0.07916482077826047	0.1660978215349889
-0.0920484629437555	0.147535168028511
-0.09593128541255164	0.1107821710858851
-0.04977295707796752	-0.09481508989145998
-0.03240203249985095	-0.04884655473725961
-0.02315934787200385	-0.0586779841319846
-0.008045714128559867	-0.05040024184976743
0.04769271877723616	-0.08955511156522508
0.01547683061989429	-0.1479556317659742
-0.002820710128100182	-0.1553963785382605
-0.02568581262351311	-0.1527033647233073
-0.02941854663386202	0.07440987907714074
-0.03584041802390565	0.04062143451913468
-0.04754187173834842	0.01587776633397155
-0.04911389512171109	-0.00821085110069446
-0.03719784158380932	-0.02308390090516821
-0.02486516357134098	-0.02020059284479331
0.004233458863999716	-0.0224904503596042
0.02310868274165726	-0.01188362142931956
0.02390153701388815	0.01215460863958871
0.007176012419565614	0.02880247107256796
0.004462762314191555	0.08285840588687121
