-0.144162833612398	-0.03437472021178672
-0.1375182277766285	-0.08461994564325806
-0.1259474215876581	-0.1298308005337397
-0.1055694974824096	-0.1688049562654924
-0.07745684655667966	-0.2066585606594997
-0.04436350944072193	-0.2369095119381957
-0.002190480241950403	-0.2480822777709461
0.04724435516135237	-0.23499943883363
0.07988245376401387	-0.1958657067176355
0.1039587171008494	-0.1514113659751869
0.1252263488406297	-0.1030432037983943
0.1338059434784367	-0.06211414585608793
0.1354234040153599	-0.03131513852507999
0.09752095258655137	0.09025325044595409
0.08532340453029159	0.1059287729617044
0.0681723379612628	0.1152858426154358
0.04876744066291458	0.1092740339866706
0.03109864212965902	0.09423233560300465
0.04538662847947849	0.08622075621172552
0.06650037166149929	0.08191851488675181
0.08574175329394465	0.08022543878050703
-0.09714693420983697	0.09181510006757736
-0.08908516629747029	0.1083454302297677
-0.06874409371285581	0.1130526229001992
-0.04680315647587464	0.1023092006710762
-0.03653243648888533	0.08667456995133102
-0.04831163557866475	0.07664676784313627
-0.07247921817279279	0.07330544473663461
-0.08973922754129113	0.07752595819049356
0.03986894736279381	0.1441504110243656
0.0661814058955926	0.1577239417292917
0.09618408237318371	0.1635108502708408
0.1121809144038486	0.1451852113685706
0.1269690169075249	0.1153227399607719
-0.03640576319201867	0.1380607837711935
-0.06021903290116407	0.151413389725068
-0.09754765740304062	0.1637681036571166
-0.1200608693791345	0.1475444956059887
-0.1341757515895712	0.1182954226623261
-0.06189757765432792	-0.109349752200351
-0.008636272498792978	-0.09763287758817836
0.003724847552747037	-0.1056035643721434
0.02230257967071884	-0.09315056589045835
0.06249424575714115	-0.1068507883881546
0.02492994700410591	-0.1510188814878866
0.003652688967491232	-0.1544214866689139
-0.01850626868409693	-0.1539512217862156
-0.01643659876846163	0.07982445382244308
-0.02558843967645182	0.01192835543415201
-0.04251185933121193	-0.01340696500420492
-0.03928494505996034	-0.04302408097094656
-0.01627155999215065	-0.04865138526780605
0.001979160922656133	-0.05160810887553417
0.01265866845178475	-0.04798060421577249
0.03875314479898557	-0.04468023166858019
0.04436060152825955	-0.007542246787019364
0.03224474399853084	0.01198570040152217
0.02105553204489274	0.07517463438548407
