-0.1412000368933775	-0.02894388811598177
-0.1350634766397382	-0.08681607206053644
-0.1182858577753754	-0.1409465215546728
-0.08691774917261599	-0.1823846569094754
-0.05742284540260799	-0.2186646510672424
-0.02491508725907182	-0.2434148278954125
0.003017959042920113	-0.2449937974665824
0.02812767623942716	-0.2401199672776621
0.06212703942265	-0.2147861095550788
0.09144337784684121	-0.1765567409544116
0.111123026040679	-0.1382257651299436
0.129010632442812	-0.08702987028881633
0.1374239422187838	-0.02031875593191984
0.09618637207010609	0.09059233920519445
0.08473057641003355	0.1009899650989516
0.06750627246855537	0.1127329914328709
0.05204686909527186	0.1090420940531594
0.0336016567738848	0.09639036592898052
0.04987585525970478	0.08594196927764373
0.06522696453257609	0.0793571413979666
0.08067283105515403	0.08176356475555269
-0.09853016477825094	0.08750599478728661
-0.08486271635376015	0.104061886754201
-0.06938975680895772	0.1090372770738603
-0.04923381054226441	0.1011171760377442
-0.03297314860490736	0.08938433404325934
-0.04851380155990682	0.07798661195235762
-0.070705413382652	0.07565122347945616
-0.08517406240877669	0.0745191276402065
0.03118439313747745	0.141377214681955
0.06215740464482126	0.1538969049253928
0.09408051214891194	0.1651219751466549
0.1121873047138711	0.145661996112589
0.1253944737518391	0.1185459819419876
-0.03053139916569317	0.1381738054260529
-0.06892950610141196	0.1527091835136188
-0.102563404908763	0.1620559430571377
-0.122026406838589	0.1442764840645742
-0.1348384785796463	0.1174346917562533
-0.0724787326645399	-0.09261409908656522
-0.01454992082913915	-0.08294768651107295
0.003692239638391109	-0.08956298268184089
0.01825567499618965	-0.07943959766893463
0.06824497407278148	-0.09152792864886168
0.02807093178133129	-0.1540504529352616
0.007779626869483016	-0.1589750635421679
-0.01628518887928525	-0.1561522247811029
-0.01383502998379399	0.07633652166106716
-0.02602181225730215	0.01737286582881085
-0.04357103774612894	-0.001711378809035227
-0.04866013763464463	-0.02734992638274699
-0.02280334822075605	-0.04303779817114627
0.002225138513353148	-0.04587079289491146
0.02348012397020131	-0.04095633835145285
0.04871169143863949	-0.02452228996319589
0.04617259654887134	0.008904330829287854
0.03375310142597602	0.01931213210730595
0.02277109282041702	0.07466609066465189
