-0.1042116182342522	-0.01045027808659875
-0.09741791501047892	-0.05172937300259507
-0.08944149957796449	-0.102045351479522
-0.07776257809774542	-0.1445052046164058
-0.06338236425957791	-0.1778374084336145
-0.04202370086036786	-0.2187761692258124
-0.00336856167830806	-0.251541207522108
0.03638178221723809	-0.2480224992013778
0.08408479556813939	-0.2106497523446564
0.1191648977253654	-0.1735718929971749
0.1529715355113466	-0.1235745522850256
0.1682385688290161	-0.07012557609888137
0.1882698160943247	-0.01268050005753822
0.0984306399758544	0.09010982522070521
0.07970952848164792	0.1013267718895283
0.05807546223023796	0.112475623692034
0.04071849381272739	0.1068903352753885
0.03131095621441936	0.09372120736206056
0.04714929699654716	0.08114193287589214
0.06183521466983689	0.0763053500045577
0.08313665139185951	0.07939296942546854
-0.09118573839256344	0.09733352438233453
-0.0807467255509908	0.1079368779010352
-0.06721325002602412	0.1108429765621073
-0.0505248857086632	0.103463346181658
-0.03568777968144222	0.09215567228320898
-0.05098176826543715	0.08143881648797231
-0.06642696626851403	0.07719312832793808
-0.08399562598211799	0.08066739368942857
0.01568754716512933	0.1386787290445309
0.0532539647120302	0.1525058641703821
0.08799811381379262	0.1623822376247051
0.1117254395914158	0.1448076166401578
0.1298989047083996	0.1154488245468276
-0.04633522591839667	0.1320497510254655
-0.07191378108932137	0.1456963291672351
-0.09451883958161464	0.1568225210600371
-0.1088418654967866	0.1461283533961208
-0.1150944755485084	0.1226734877092879
-0.05897772592551997	-0.1168726974744584
-0.02920951163955062	-0.1019328418755818
-0.01355262166515843	-0.106746736390522
0.001801879493278185	-0.0986183431212327
0.05869423252710244	-0.1218926520490578
0.01487517738208513	-0.1591747113306408
-0.008458978295166487	-0.1584249848911178
-0.03076161884959172	-0.1602410897396028
-0.02949888073567896	0.076761055937655
-0.03414545175448396	0.02615011109266048
-0.04792409927557224	-0.007840070590085249
-0.05220448458224356	-0.03254378063213906
-0.03621493550640364	-0.05159417459211259
-0.01864626638559418	-0.05506843009624946
-0.00411158590285499	-0.05343389416900072
0.02395657010485083	-0.04889325958067997
0.03014873455793949	-0.02284991052782295
0.01585921643904241	0.006599636341528011
0.01140390553326421	0.07253707309369918
