-0.2022067718099324	-0.03598335730277929
-0.1756693175051515	-0.1077510793412432
-0.1475206293374772	-0.1510870830649267
-0.1143454939308043	-0.1867723367106233
-0.0829362282535748	-0.2146537908863902
-0.04955714305387533	-0.2412856368807435
0.004694181964010895	-0.2463895936380013
0.04120830133672543	-0.2200380507661058
0.05778237203656801	-0.1738273653164896
0.07238664159812372	-0.1288663269847697
0.07731671612036888	-0.08239336966074823
0.08395439743907251	-0.04631089164226619
0.08970916238564319	-0.006326548012444451
0.08424789790888737	0.09602248054017318
0.07862981089344419	0.1052070153702512
0.0623089067887096	0.1133386266732896
0.04572581861829651	0.1098301402132249
0.03355745495977676	0.08681224543856834
0.0430568699586009	0.07754024821976664
0.06149322290836968	0.07712498384046064
0.07619391418249961	0.08326385234494665
-0.09861192667360694	0.08073122666657703
-0.07979685351603989	0.09712944838192632
-0.06012797706864944	0.1083324256316487
-0.04371967856443765	0.1040808340820249
-0.02960168530103006	0.08435284799380614
-0.04045011137739785	0.07683323341939866
-0.05997335915265894	0.07209696603485059
-0.07840969285099814	0.07251222998053325
0.05024805174240086	0.1381963001851189
0.06800536110734483	0.1507363108029895
0.08567534345281513	0.1593963001497638
0.09420439100979838	0.1501461982183312
0.1003558537846429	0.1215396505160047
-0.01861650298694617	0.1410413970479088
-0.0532572433675713	0.1547616518697141
-0.08898481097687325	0.1633303830356984
-0.1116520806513288	0.1483129636268776
-0.1325243489130367	0.1267850942916469
-0.04793479341420101	-0.1261561811026783
0.004133850483669581	-0.09886096671378485
0.01848489461176997	-0.1082422719624238
0.0371251794040058	-0.09960407050247398
0.05712349079305074	-0.1168765428703
0.04760391280248406	-0.1516001219776555
0.02331642110533261	-0.1523470421107107
-0.00394030520974054	-0.1556151421412127
-0.002636217631085864	0.07468747053967101
-0.01105994064625535	0.00241324475891743
-0.02211228872256366	-0.01415982624584267
-0.01881359136990155	-0.04011414474495273
0.006182018491525263	-0.05102911988754021
0.03044037915580762	-0.05157552042086046
0.05299112231385837	-0.04173148956040363
0.05925009435134868	-0.02246244009909983
0.05480624843230098	-0.004246352667694823
0.04371574157640332	0.02058942599038864
0.02853096856748391	0.07916146735068386
