-0.1488732422618939	-0.02909220290546961
-0.1371350099707523	-0.08494501822711462
-0.1223795968423382	-0.1341664647936095
-0.09961203032989432	-0.174119064803364
-0.07482409858965167	-0.2074362556119798
-0.04006767267169867	-0.2407933874586504
0.0007871890368138872	-0.2449435258650318
0.04169536018580156	-0.2358067724488982
0.07675575184856792	-0.1934288477724073
0.1008454515848317	-0.1523355742218548
0.1199829214333652	-0.1032502218854022
0.1291412513318024	-0.05678223376214465
0.1332512998780504	-0.02623845704297699
0.09882019157444377	0.088168588809989
0.08690599312173077	0.1001747809537953
0.0650339270418543	0.114878357908801
0.04507027473233329	0.1083149572777345
0.03405691941557289	0.09640078880178778
0.04296992562585498	0.0817492252553299
0.06388777995555864	0.07767915689070738
0.08581845862429148	0.07759113435197355
-0.09954762675964499	0.09029347571464033
-0.0875160844245171	0.1075184018158461
-0.06954613287272213	0.1140898045067128
-0.04766343063137927	0.1020436020639044
-0.03275868598645292	0.09002540685024252
-0.04875093554194604	0.07945993556550997
-0.06970612012975171	0.074229228164818
-0.08762807559572525	0.07961597563239234
0.03923850377721659	0.1455421653662139
0.06718760516785881	0.1547309322305855
0.09513676593069739	0.1639197087455672
0.112019173096302	0.1479074648743023
0.1268439537988117	0.1159589863149979
-0.02957082204096658	0.1391748152201025
-0.06639026648977432	0.1552670699196909
-0.1032363754086549	0.1647159133583406
-0.1212276883218319	0.1528297521115401
-0.1323423490855085	0.1156705614321389
-0.05849054266620969	-0.1118348334134493
-0.009580894087803948	-0.09608666712651742
0.002359968874672094	-0.1014494381206338
0.01734472706453093	-0.09353731063210015
0.06113147313109662	-0.1123149568824029
0.02807011504069032	-0.1533722211440084
0.004140343467091252	-0.1546048587820188
-0.02077554857922088	-0.1531761706987437
-0.01584422200518418	0.0819852859202163
-0.02410165944298439	0.01159690731250153
-0.04214629148693654	-0.01357609627336894
-0.03925707051914123	-0.03883312146729843
-0.01437315621817535	-0.04823394269808483
0.003559494622700038	-0.05096334555785628
0.01652916102719793	-0.04835797444638519
0.03648220680181544	-0.04445195833533763
0.04757549655350027	-0.01260746683967364
0.03866788249035841	0.003372758943328777
0.02203606272535662	0.08183324690307923
