-0.1322206859686254	-0.05820361468323331
-0.128249233246197	-0.1047678319109872
-0.1167139336392259	-0.1505029412686819
-0.09546172833095792	-0.1905195205424329
-0.07198665047383392	-0.2243980483019899
-0.03792782205933737	-0.2538590739869568
0.00207268271486245	-0.2611078883708108
0.04541426364319502	-0.2422415808624384
0.07936011187165441	-0.2065670664578053
0.103351231941335	-0.1640728956198219
0.1190513976146872	-0.1186097479461798
0.1246153829675915	-0.08635658591275058
0.1309064907764556	-0.05790157467284326
0.0948464022785557	0.08690004257405223
0.08177360995344245	0.105166533592476
0.06078755371867973	0.1163610414217334
0.04250019254564861	0.1086172364333259
0.03250379142061128	0.09790438904157638
0.04405251840979617	0.085985617292552
0.06157114407662667	0.07999514046873056
0.07777530298670712	0.0840980848953982
-0.09104840588756717	0.08979002742496056
-0.07875917448251257	0.1078894636767052
-0.06342184288373084	0.1132934164874674
-0.05065685245300188	0.1063165199257236
-0.03470394494297871	0.08914128538348769
-0.0511876730967511	0.08004403710248698
-0.06357502106370781	0.0769799483624813
-0.08324667714964493	0.07808101070456606
0.02974862072474491	0.1494104804163696
0.06243659142117858	0.1626106684429535
0.09536242486585317	0.1632727236268157
0.1111755351155682	0.1436003611688665
0.1257307213707127	0.1014536749334706
-0.02867898724786076	0.1464183494828707
-0.05528551532253288	0.1579274464784208
-0.0852613465503646	0.1596052543250742
-0.109169170270796	0.1521760379828391
-0.1251488778304338	0.1017185756019933
-0.05705660852569694	-0.1087526269771206
-0.01048551241200395	-0.08255215875568554
-1.33150912562819e-05	-0.09691564625790643
0.01501626107568612	-0.08022210159106685
0.05122814005466859	-0.1047936859570112
0.0143322338543125	-0.1428080602714371
-0.00433278524678567	-0.1405108231628002
-0.01932069156819255	-0.139671919759594
-0.02172927178037024	0.08591009541425802
-0.02688738201880995	0.02733204976806655
-0.0424760223330643	0.0006498932315965422
-0.04241954461844768	-0.03191784815549591
-0.02490094838950561	-0.03790835129648271
-0.00234918641116746	-0.03791815664225915
0.02689956161122232	-0.03579777860583692
0.03897911749642434	-0.02144408663676288
0.03826546836510263	0.01617038987231792
0.02598964575724375	0.03188729226948457
0.01892841266280274	0.07361452680327743
