-0.1469211891249724	-0.03088423195663239
-0.1399255200680055	-0.07524133376867634
-0.1212913623867961	-0.1310843482806126
-0.09682343816355073	-0.1704246888936502
-0.06524149971752417	-0.2143123921478231
-0.03030364705498334	-0.2499404288007752
0.004976033285182578	-0.2574625208375052
0.03899777533712994	-0.2451049286475838
0.06910495686919066	-0.2117474632446628
0.09554340795399115	-0.1702644450429263
0.1166909800563069	-0.1277116005270859
0.1315133140474623	-0.07591308174869343
0.1368777788775432	-0.03483240595198074
0.0992966364118963	0.0932389555429847
0.0849791575177144	0.1070152864305757
0.06645011959506815	0.1113447755948804
0.04719933121761959	0.1074648109212734
0.03006227485146797	0.08489229641737146
0.04766857178931129	0.08288681656991663
0.06790913568524856	0.08093162116591394
0.08538136355572033	0.08594844283997874
-0.09833870023530476	0.09297815234742884
-0.08539091847268013	0.104933411341796
-0.06971953453631509	0.1122574515391713
-0.05200148746569909	0.1044000658701085
-0.03676129371841236	0.08829972516676393
-0.05425586698778354	0.0844533161148391
-0.07091707820712956	0.08296440886556809
-0.08588913415227567	0.08502016394700526
0.02488977704117021	0.1257718015936266
0.05423063222100028	0.153260553459172
0.08750836502600221	0.1585791322280319
0.1052710755986102	0.1483809817897475
0.1207570883797399	0.1194064424538413
-0.02779507100298739	0.1247659478261337
-0.05199485775669463	0.1500617202383959
-0.09607766487251786	0.1585865569698894
-0.1133711605062285	0.1442066864262155
-0.1302847950019288	0.1099303587823863
-0.0466991404050995	-0.1273186236748402
-0.007699426033098304	-0.09964546585067867
0.00556118283275456	-0.1040755393274048
0.02030979932001624	-0.09442747289095131
0.05515826383830962	-0.1253739724590028
0.02390489265409174	-0.1447035810617867
0.007221336534750059	-0.1450221018206158
-0.01119603752927735	-0.1465445636937614
-0.01505504934732753	0.1015930390778532
-0.01887111915245042	0.02541769773267018
-0.03339630539129732	0.004065835743722742
-0.0362829768742037	-0.02877193844621288
-0.01498556908163545	-0.04007339175998416
0.001809702161913614	-0.04560676877740207
0.01660302670180478	-0.03829951854206004
0.0393213992041326	-0.03201169876932523
0.03320381617424121	0.01236216737195771
0.02239870635595094	0.02620561704937024
0.01668994215084177	0.09517426750404316
