-0.1552785164984809	-0.02620747092711554
-0.1491398704894307	-0.08284031460939643
-0.1264046219056097	-0.1365621218408051
-0.09348689143176708	-0.190012979284509
-0.06271600634288441	-0.2324086606858635
-0.03141341138437466	-0.2599738119502654
0.006703652992959103	-0.2651330847287672
0.04333694128007858	-0.2493418487344602
0.07223641145635717	-0.2214094892490428
0.09617920128059616	-0.1812619980171936
0.1189336806521279	-0.131268493304517
0.1350769875976102	-0.07651215083104113
0.1395148639036336	-0.03441425383319828
0.1029400172605551	0.08684777245817556
0.08872647724329362	0.09881656629533442
0.06446179981648553	0.1055790838910256
0.0479308868700723	0.1002004214329887
0.03721664992968991	0.08509891273832697
0.05126603254759353	0.07929926839648538
0.06604408617060964	0.080927181410377
0.08366485943119729	0.08016138191270007
-0.1018981313027689	0.09127472052997018
-0.08553136730600128	0.102822560275938
-0.064339192998236	0.1070905599529969
-0.05210836006513006	0.1000078197224406
-0.03326641825221885	0.08816221247238595
-0.04983017191012852	0.0840173815056159
-0.06923664496126197	0.08226625386765891
-0.0859645552854867	0.08429054484794019
0.02356766967630728	0.1106644054655192
0.04122765452626792	0.1432365287611719
0.0853977024436491	0.1542894736164341
0.1097609203704571	0.1438254620356376
0.1263182388712029	0.1133985370073777
-0.02972143243082439	0.1290016172545817
-0.05249591096952907	0.1493855012039654
-0.09633124737248523	0.1605660766549952
-0.1163022347624163	0.1452182697142538
-0.1276138069214961	0.1177538586002379
-0.0683429776474587	-0.09056792673022609
-0.01012356450029403	-0.08531466343652203
0.003000113736707164	-0.09113894022143515
0.01473846675506983	-0.07971428730691894
0.07394921954800542	-0.07690404659166016
0.04461650727310019	-0.1233684597021827
0.006099086445022064	-0.1379750340872932
-0.01813277806290314	-0.1324463395331565
-0.01769398611891718	0.09475007568905186
-0.02051666287466807	0.02676648340509594
-0.04680327587442955	0.005077076228833017
-0.04304129497413666	-0.03186380599281821
-0.0207264563717218	-0.03497410074013063
0.001785352793281509	-0.0454873772070702
0.02287905957439406	-0.03751786322461417
0.04298137307928966	-0.02710538322633084
0.03918653236894667	0.01106935754615786
0.02117182741028507	0.0266411115446813
0.01754751571021977	0.09321842955818321
