-0.1057454921196985	-0.01572557235646119
-0.09426289676701405	-0.06424609515385522
-0.08634449545029704	-0.1128244379808586
-0.07141336898610368	-0.1541611579301652
-0.05394398490223213	-0.1871409029655203
-0.02990970262978771	-0.2402096727207812
0.0005977443217908712	-0.2527823801747809
0.04061761678598693	-0.2473811622787779
0.08546348998244467	-0.2098264609352706
0.1160911881985043	-0.1748783488731751
0.1466610863196138	-0.136367271417347
0.1709166279937774	-0.09320674662673352
0.1866902257197752	-0.02167256232703538
0.1002297373385117	0.08859391453279297
0.08132511077346984	0.100166900596944
0.05893342221642535	0.1069314206407593
0.04027931073213731	0.1030648377286984
0.03254897303981372	0.08511984434796743
0.04517775578643864	0.07582100386063169
0.0630178805585756	0.07492245589999892
0.07808852836219526	0.07991887386588983
-0.09512075744149023	0.09849202520423127
-0.08198635533284608	0.1129607960641284
-0.06149234652050207	0.1132933103385323
-0.04622897517875541	0.1064131425436641
-0.03170251182694109	0.09001721470319246
-0.04950412354030492	0.08854043438839676
-0.06997886213428868	0.08702022967394259
-0.08427408888920274	0.0891642434782266
0.01240645237568053	0.1180562178751657
0.02627777188706914	0.1420407135674699
0.07600278499310135	0.1535392443918434
0.1110232567270153	0.137475857343234
0.1238832499833264	0.113925075872008
-0.03582550076275532	0.1244014985933989
-0.05579459405092076	0.146648941013033
-0.09180245421598393	0.168636181761674
-0.1076870984313963	0.1588746858145911
-0.1135197298615611	0.1338326585458855
-0.04708077467693528	-0.1157512892601643
-0.02586915360657369	-0.1047153868044204
-0.01688164290106071	-0.1093214623442195
-0.008067541893209905	-0.1032386064896248
0.04669078681879878	-0.1272975395999862
0.0158703646343678	-0.1503690393838644
-0.01169417811614055	-0.1543802201247998
-0.02782930176886614	-0.1487021642003171
-0.02645260514188734	0.09604226820648354
-0.03248257611497847	0.02823009464694129
-0.04813597475092308	0.004216675967932862
-0.04660903454716948	-0.0349616261382307
-0.03132639327389219	-0.04302946669484369
-0.01956940646035082	-0.05353045512624979
-0.006357899398859356	-0.04381229533071246
0.0167899502618315	-0.04224878141241556
0.02144252275763654	0.0005936861775698548
0.009531352269029266	0.02059591484624555
0.008336630855615177	0.09423074215914508
