-0.1983133721534741	-0.02852770583760938
-0.1790462680138321	-0.08592342660004636
-0.1428179963249156	-0.1475933387132543
-0.104373335009068	-0.1926581977651034
-0.0652319365989337	-0.2306133436325617
-0.01941231081065729	-0.2530261158067821
0.01678952137059122	-0.2473315145920606
0.04039735495466816	-0.2348823418599673
0.05201322378277859	-0.2050258521995725
0.05888334199450976	-0.163477713169394
0.07417221584336937	-0.1051587595469178
0.08303525251687265	-0.07183029013465309
0.09041275640275777	-0.01608645995418951
0.08459934686794908	0.1019428247464327
0.07371433393982189	0.1111067840740666
0.05675315689643215	0.1153810015588584
0.03830386276454957	0.1089788704933231
0.02988510571842649	0.09220810863873216
0.04776385562650728	0.08677655476275875
0.06282672030574638	0.08717898966542084
0.07421918090501685	0.09221070555266343
-0.0312208191119498	0.0893936626430233
-0.04302341416405077	0.09971497570624191
-0.06267431801977119	0.1050991829043684
-0.08106047997085922	0.09633504492555943
-0.09242138684224559	0.0901222944657691
-0.07261274447327672	0.07883305433429139
-0.06109407342428576	0.07914079893408099
-0.04609431479182045	0.08190525024413184
0.02919094249156984	0.1181901660653592
0.04267357136494136	0.1445509851731412
0.08384461700777501	0.1633786418832834
0.09583658129407677	0.1459713425342176
0.097227499898953	0.1270989723927929
-0.008180947094626813	0.1231009212794583
-0.02381176384650478	0.143956546147117
-0.07906237767642614	0.1542988823105401
-0.1018788143915586	0.1454163717829012
-0.1216269160263985	0.1212518339204225
-0.03788288651673551	-0.1258802448252263
0.008446689319009843	-0.1010055291041229
0.01917399865752731	-0.104264445769458
0.03135782096727123	-0.09566606861709075
0.05315939867275044	-0.115174951527964
0.04224029354261256	-0.1379217360890884
0.02562619764298638	-0.1466385297383746
0.003443384594743678	-0.1460493636467731
-0.009101112110480775	0.09116651295881054
-0.005372741163813389	0.01799168336925561
-0.02515239629170501	-0.004991828710293221
-0.0215791885818614	-0.03916990749318556
0.004179371589681093	-0.04084540906484453
0.02041224093616168	-0.0510483319999976
0.03515957749502405	-0.03883589416695193
0.05072982620459007	-0.02423770658668023
0.04706201310162238	0.01348336305781862
0.03579836671084203	0.03681931535437152
0.02371429202711858	0.0908613652729522
