-0.1389349545073977	-0.02710726047022131
-0.1346197753145693	-0.07369487325005356
-0.1123706380303175	-0.1313197471684
-0.08437224785510256	-0.1782193674876327
-0.0567115285748073	-0.2157824449702817
-0.01963034337278974	-0.2471618505691815
0.009475268202975343	-0.2519521211086688
0.03557425168410723	-0.246333860028796
0.06020661975870935	-0.2244083162196339
0.0851659353614624	-0.1872792436697732
0.1099985613412106	-0.1466489981021464
0.1276576711651996	-0.1016038752236001
0.1393456081973476	-0.03690862451703655
0.09417197572382595	0.0970141736209981
0.07794700322647438	0.1092818411474785
0.05943291499473126	0.1121180136650339
0.042174330295211	0.1044822772457981
0.03046476663915688	0.08886709360965174
0.04818765879886313	0.08366513834730553
0.06574171305304907	0.08313140223087973
0.08045796654735808	0.08833803038904492
-0.1012541064138004	0.09462044873185939
-0.08324653661082086	0.1057890639403104
-0.064110110097502	0.1099869621722366
-0.04717838638144931	0.1024191816781251
-0.03883372437382613	0.08986649417357803
-0.04992098386354284	0.0812853626585598
-0.06826620718967602	0.0794532909149863
-0.08323571832763257	0.08124901319040917
0.01948251154638569	0.1258647931470754
0.04477944624290721	0.1536573122895882
0.08747249803205709	0.1610443884555251
0.1151224009140451	0.1480213096074792
0.1221801322746709	0.1225675663917762
-0.0323885308039077	0.1298317119267578
-0.04540659835897978	0.1503955067912215
-0.09736206013325363	0.1566965481726884
-0.1145784605501391	0.1478937321383538
-0.1329551106769	0.1226886870609502
-0.04445428805726406	-0.118346063892888
-0.01014813530196406	-0.09723920512042006
0.004030199963043227	-0.1014007876852872
0.0187464534573522	-0.096194159527122
0.05999457914994065	-0.1215799176185832
0.02985528808397063	-0.136693114339168
0.009136548541965784	-0.1456226012910032
-0.01108651691211282	-0.144016826161384
-0.01965511420616612	0.09289733016217132
-0.02429610121831655	0.02728832744521222
-0.03237666992733783	0.008298614394563697
-0.03636392722911054	-0.02690332812390506
-0.01934778440322433	-0.03680522253391821
0.00183528802832188	-0.04071340894945839
0.0226384563084838	-0.03411806165702709
0.03468575103234506	-0.02783940128667056
0.03145722009445309	0.01294452107399715
0.02031691555193867	0.03007049229559575
0.01536862448034872	0.09416405190304968
