-0.1558674399593279	-0.01473307950866082
-0.1468526332630754	-0.06560455764961506
-0.1361341532211899	-0.1151567259909348
-0.1151089605481495	-0.1579851302961728
-0.09467780413143025	-0.1924700001050027
-0.05934448105548332	-0.2342796686998342
0.007248561177840252	-0.2606857901671587
0.06239864883717948	-0.2399873056540785
0.09170640717054884	-0.1971691086002788
0.1112622406846222	-0.1562432600807282
0.1264316833194806	-0.1168276962617436
0.1325736363932933	-0.07685686791639275
0.1356084748558471	-0.03111741674548509
0.09386455880881218	0.08810482729510283
0.08113598366384348	0.1027723340356781
0.06095309063889017	0.1085232067395951
0.0415340504695163	0.1035466208096031
0.03394936020069454	0.08383884111078406
0.04957602481867099	0.0789615261096627
0.06601215338506249	0.07533986175625822
0.08121448305091439	0.07642227372902261
-0.1014622388217197	0.09216724680321516
-0.09183440610864772	0.1084265387547047
-0.06704980412285878	0.1137851726711811
-0.05099877983452851	0.1029481592041289
-0.03737589834262502	0.08834432743433229
-0.05164474674014673	0.0741505460392102
-0.07212779898199859	0.07149415475817675
-0.08962787054748531	0.0774360454265994
0.02276096009532021	0.127367637910257
0.04887046276261543	0.1519883519949393
0.08046966749742888	0.1626241205807857
0.1054632850904799	0.1524238233456106
0.1197194620207229	0.1163013562736428
-0.0256986726738864	0.1263132631781846
-0.04626025091590127	0.1500069303089437
-0.08249416822918489	0.166594816479913
-0.1185646296967206	0.1556406926204223
-0.1373959424286787	0.1171623830067992
-0.04871228338331289	-0.1185161538788949
-0.006166697136400708	-0.09751709843469114
0.009460018812897089	-0.1023943830329948
0.01521063673415664	-0.09479706069083392
0.06941451716846093	-0.11130344127015
0.04002184038702104	-0.1529297215577841
0.0154918714458765	-0.1618641412285424
-0.004606127849235619	-0.1573052137987459
-0.01774782608716961	0.07776200121797605
-0.02721855167886865	0.008802569619534704
-0.03795595685755376	-0.01711959769077389
-0.03706801824029721	-0.04221403585766732
-0.01258360082125708	-0.04526268556306566
0.006365511045218188	-0.04630948067757192
0.03740996597877932	-0.0405051605511972
0.04652856874664376	-0.01709417860963989
0.03499439009212565	0.006044235420604913
0.02763129629267476	0.02109379333410678
0.01729793003150205	0.0778613025496645
