-0.157831469525225	-0.05471612219240146
-0.142656623927913	-0.1103934725892237
-0.1235038374437788	-0.1607623879588114
-0.09626433135875195	-0.1974065534592196
-0.06790000142163784	-0.2202830354556035
-0.03315007556337175	-0.2355619087372935
-0.001687285841993741	-0.239750312278436
0.03128331648497391	-0.2294643266875235
0.0734894132900144	-0.207892633784261
0.09862717989252377	-0.1755950449845258
0.1230065653881262	-0.1315907384744117
0.1350340457570046	-0.08373052884993169
0.1442124499472816	-0.04408938753464348
0.1072790911869836	0.08922428953295214
0.0939584304520361	0.09979231595433947
0.07425139741931522	0.1072937105745399
0.05266398945964197	0.09986392500781614
0.04342854741663516	0.08857816064878042
0.05681934463759162	0.07967498635147088
0.07409805923352186	0.07394370272101264
0.09179754184764695	0.07820162537562474
-0.1067583930912383	0.08823310369004013
-0.09495440448821611	0.1010784814759563
-0.07350725202220561	0.1051785437789624
-0.05615843743418361	0.1011121138097885
-0.04304816070833357	0.085549484245866
-0.0609579995768163	0.07629696641929321
-0.07990670547490311	0.07209166388188309
-0.09600632645521114	0.07610542014588388
0.03393881182132863	0.1306734527717635
0.06226316051520897	0.1494942452377367
0.09523381643014767	0.1597802011524014
0.1148005301048505	0.1489490859585948
0.1311675793803533	0.1215744916322197
-0.03525923721718919	0.121913476797242
-0.06037083161776785	0.1496564020519483
-0.09506848893285311	0.1577892448962422
-0.1142275526225042	0.1485893106929541
-0.1331893400598167	0.1143637509361723
-0.06346484451148149	-0.1020544826169464
-0.0174409755566539	-0.07897574166312954
0.002195928960632407	-0.08814201616214745
0.02003566822132503	-0.08055434287337969
0.06805395813231638	-0.09925522923311471
0.02813597862697811	-0.1259267678191261
0.0005128549663452799	-0.1280988869198253
-0.03071768151530385	-0.1267833859112835
-0.01424596167903707	0.0860040767487109
-0.02301667862174188	0.02633190274608016
-0.04016819871046658	0.005372706393157173
-0.04496778140586775	-0.01944249496961093
-0.03053815403352616	-0.03339289214235597
0.00561911211182487	-0.03658371546739928
0.03941816739874974	-0.03633961101963517
0.0451864600849774	-0.01823653104238038
0.04138175238036233	0.01027670626547808
0.02577307700979509	0.02594462888317241
0.0233008022595004	0.08609037404853864
