-0.1666594726286159	-0.03363899651414946
-0.1566315882981879	-0.09303780023386395
-0.1389914015680445	-0.141060816105664
-0.1126545767716938	-0.1859521149673477
-0.08240689603913925	-0.2194003086407147
-0.05571121389602138	-0.2445593273167473
0.005800902188097454	-0.2555474416004342
0.05433896080487577	-0.2334015586240085
0.08469855895886597	-0.1928311478832045
0.112710066774327	-0.1456384517924607
0.1307911593744293	-0.1015549080987356
0.1401756148916188	-0.06060302734862964
0.1445051316707768	-0.02613884887591942
0.111991425506226	0.08630581908866783
0.09856885697538302	0.09477445374665658
0.07644960647009533	0.1001114352915212
0.05415091369285852	0.09558227248384257
0.04398120814559656	0.07931821048819895
0.06125485025238858	0.07900405880259398
0.07729465884917776	0.0787123465582213
0.09583203957243056	0.08002008882123392
-0.1101878002819233	0.08541183674708858
-0.0951725043583314	0.09665306921123741
-0.07404784274208756	0.1044934014813108
-0.05683403902863694	0.1008905204300731
-0.04232711042017236	0.08417767026531323
-0.05854636178055796	0.07460321112389402
-0.07461604845055628	0.07325058948676932
-0.09553137071618135	0.07692078918946879
0.04481856374536459	0.125360239257379
0.06479911700147407	0.1381560560297665
0.09221255938518787	0.1524616239388724
0.1092768085665114	0.1406369682970378
0.1248381279213824	0.1140355073052537
-0.04034564695191739	0.1252641874989306
-0.069628617851932	0.143890679409365
-0.09785721602770586	0.1526285608205401
-0.1202754949891495	0.1415219646760202
-0.1318883730692681	0.1137698281710017
-0.08007426250070139	-0.09114036684960031
-0.02431265410693757	-0.07899526470922916
0.001567908288451585	-0.08111083472051073
0.02510037149811128	-0.0766041102068872
0.07298056167860248	-0.09063412147759341
0.03885965163451073	-0.1344259437519805
0.007804574639025641	-0.1453754374301555
-0.03514028150145403	-0.1314351839243785
-0.01157107040027868	0.07868361345123467
-0.0238119650573116	0.01639996212764331
-0.0449365996403068	0.008559629365922512
-0.0478528496485957	-0.01606084403159431
-0.02230127635725948	-0.03626440523856141
0.004573865916090734	-0.05155728890089857
0.02446470303341448	-0.04369451735347527
0.05064426652394607	-0.02936652720589066
0.05497377511143355	0.005097696486116372
0.03664573275550478	0.01530043212937937
0.02420999325681111	0.07803287162208712
