-0.2176656679072101	-0.06738194144611719
-0.2034454742984849	-0.1287660188421894
-0.1836560089409392	-0.1630756688842153
-0.1548014590845963	-0.1890523830667578
-0.1167337478773899	-0.1982075180368051
-0.067290127951533	-0.2126557979924642
0.01379267754278708	-0.2395435877570709
0.05366729256099421	-0.2181622611123242
0.07369326801547518	-0.1658667018054122
0.08465413939056197	-0.1219041338539732
0.09440038764155356	-0.07452391895211623
0.1039689368334463	-0.03732993449947313
0.1033169984766083	-0.001655859601198299
0.0867563932203594	0.07165657134318221
0.07929091658007538	0.08197613021135391
0.06539690629594039	0.08901138883034188
0.05135482143179992	0.08755813434431414
0.03846814810957095	0.07929180687373988
0.04845172566617922	0.06723009715847893
0.05982762573056161	0.06193698954887038
0.07004812323188084	0.06345693615466182
-0.1092403227136686	0.08526489041363686
-0.09128784201113443	0.09174461525195447
-0.07081722317856282	0.0964821885940224
-0.0542866517623131	0.09449562124361392
-0.03535648632496115	0.08397605243846937
-0.05336816898167064	0.07410092001058977
-0.07129106258111456	0.06931890386220255
-0.08909550543048635	0.07132772068834567
0.04305971619213712	0.1233655095889718
0.06373763979375457	0.1399870217456039
0.08180860846007412	0.1532575789092916
0.0931548935110815	0.146266763096623
0.09768764990665119	0.1139214496984177
-0.01426396200181044	0.1243654702968044
-0.03805270480242823	0.1485555632402336
-0.07360228653386522	0.1559685840900346
-0.1094480463093384	0.146404523396105
-0.1404945418299903	0.1197745608320943
-0.0451907421251202	-0.1145444399700604
0.01014795126123667	-0.0832435402008856
0.03678050446702529	-0.09050098348057441
0.04839332447611874	-0.08221243476913052
0.06963435134703726	-0.1063580850685303
0.0537557182876254	-0.1400455926163967
0.0333739536363175	-0.1396900508150029
0.002801353176496983	-0.1391567389243623
0.0040443447866839	0.0781940747707993
0.0004897198628408012	0.02051652224164017
-0.01503353287377947	0.00720152243392319
-0.01808470321940574	-0.02161502785692759
0.0006974339927922081	-0.04062311988196617
0.03378820097980506	-0.04289855584544152
0.06068729796023806	-0.03487666267359283
0.06619734866115654	-0.01119767049481323
0.06024265458214735	0.01268132329125118
0.050347912113076	0.02983612056426917
0.03458733055770929	0.07596307328395518
