-0.151056599335486	-0.06850530893075688
-0.1377882413034777	-0.1176608265301354
-0.122497220699864	-0.160655825964058
-0.1037112196126605	-0.182696062543233
-0.07116672994719177	-0.2071528599025434
-0.03386377847924578	-0.2243769977357461
0.008698509267765539	-0.2257320967142709
0.04794754658250149	-0.2202516522507389
0.08246310316932359	-0.2054774788609965
0.1094652349446051	-0.1813335768884615
0.1305700498812176	-0.1461604815545019
0.1419033400742987	-0.1029593670625592
0.152468532697936	-0.05613604533526857
0.1028888882321124	0.08978064695181373
0.09333265145033358	0.1035614387018252
0.07214782636417182	0.1093879177077636
0.05668478841763823	0.09989924282244028
0.04241627279575114	0.08868795889632827
0.05348056450644598	0.0815623088256163
0.06969920323018224	0.07759957792935337
0.09245478689884988	0.08010376326944793
-0.1024791215676501	0.08572094427375997
-0.08940516534204136	0.09865482943314256
-0.07645659093933141	0.1082376131361778
-0.05772350669215565	0.1041807832914481
-0.04326374163514892	0.08686070986491871
-0.05627499420716786	0.0756023473722699
-0.07758527285414381	0.07807777358084418
-0.08890038330265217	0.07850122280058905
0.04285205999229896	0.1339747911740008
0.06749197295023762	0.1531874269337422
0.1016880669106965	0.1586192546411939
0.1187877239316814	0.1445561904991992
0.1326204421441543	0.1104806149452517
-0.05030865025486361	0.1341054007880848
-0.07740344895917162	0.1502204133420374
-0.09739375952820488	0.1543243203788193
-0.1153712807570522	0.1449297182704397
-0.1339131063871057	0.1204551904189069
-0.06304708981949672	-0.1053568001437645
-0.01785251701216904	-0.07516817494176609
-0.004273751201163103	-0.08238789744580061
0.01106382228444767	-0.07625032092423364
0.06682422521644658	-0.1001496558582038
0.02326308675558528	-0.1203321021985745
-0.00464689798727631	-0.1259991771053829
-0.02979152767972174	-0.1250581810919111
-0.01572999349376793	0.08247450220290285
-0.02791982358637656	0.02588227683778532
-0.03986198087941872	0.009550223930112109
-0.04454175208227346	-0.02407019365931893
-0.02850504441533941	-0.03329754893745232
-0.002500256538354602	-0.03499782786057536
0.01508320640629143	-0.03613125252577163
0.03305005543991558	-0.03176995071737714
0.04398757431029442	-0.003892728640707214
0.02978750956834755	0.0203668728600155
0.02211240207644034	0.08441411624388608
