-0.1564064731944334	-0.08175372405793185
-0.1426691302777034	-0.1218989691803702
-0.1243697217197245	-0.1764903400923895
-0.1055337917601916	-0.1975529740746241
-0.07476896293422786	-0.222000477412015
-0.04390193612583859	-0.2400615747261992
0.0003219723756771138	-0.2471572977045028
0.03881128869295501	-0.2381910791491841
0.07278961732666434	-0.2115854789462063
0.09486462205043172	-0.1799983207731454
0.1158438018618595	-0.1420056394571742
0.1273156059093401	-0.09906972036465371
0.1350656676571441	-0.06405935360407938
0.1038464071582978	0.08176872214192957
0.09329431026792949	0.09631071225123003
0.0719091388634707	0.1078320135751264
0.05745646823565329	0.1032722230680443
0.03438784757138143	0.08447713391170039
0.05235788966226321	0.08418959428901575
0.07137264315015501	0.07430324122769232
0.09059173191700973	0.07718973619043087
-0.1035356457925359	0.0771019582898252
-0.08406105629491285	0.09595455573470563
-0.07072974801827729	0.1053233376991964
-0.05400880551984275	0.10186173808285
-0.03507071173553539	0.08718556318029627
-0.05321955943595171	0.07629684785030759
-0.07361114933755671	0.07502611571513612
-0.09040873404075073	0.07369789321025272
0.04139975827180037	0.1482456202346579
0.06074663677639543	0.1591151658084682
0.08947310242719582	0.1570584929899576
0.107213209154387	0.1424014871435832
0.122250755169483	0.1086235137058225
-0.03909629888229407	0.1351604790961358
-0.07123796384197138	0.1484509147358568
-0.09285308796894616	0.1456027588654756
-0.1122255053123817	0.1331365941120388
-0.1306298270753294	0.1062818021281464
-0.06071959436513651	-0.09286691197471086
-0.02192368298058343	-0.06474140535447205
0.00185748836634593	-0.07630107145896391
0.02003190976325284	-0.06381574625876049
0.06754326409355349	-0.09012820448463313
0.03708224497702206	-0.1215811775844411
0.007029985452539462	-0.1274883597925857
-0.02289448503420191	-0.1254125351367212
-0.01467912169393058	0.0884563040648802
-0.02156328640367155	0.0326708690529935
-0.03976325510883171	0.01858894231198854
-0.04137001841682289	-0.006937626747020944
-0.017563246705166	-0.01690065715306023
0.006320114714775444	-0.02207386459787063
0.02671170433638078	-0.02080314996152422
0.04723103105925183	-0.01154939262351964
0.04769088498780755	0.017189583850922
0.03234677862308653	0.03180825116493836
0.02365691910324082	0.08784288698715199
