-0.1456561346730355	-0.06539498501025548
-0.1358350365249631	-0.118504411879782
-0.1238496914971865	-0.1576760589283714
-0.09724718188432961	-0.1979677550892152
-0.06558001372386099	-0.2291718946239716
-0.03265883447712263	-0.247993663691195
0.004707721200268839	-0.2512657077549268
0.0510971616541834	-0.2370057776605021
0.07907112180377171	-0.2106088956259943
0.1095132875590291	-0.1736494398032958
0.1244410699325307	-0.1362071131450534
0.1314273825048919	-0.1045310495776704
0.1374195034033808	-0.07072299824528623
0.107541189382624	0.08639790656040597
0.09578206708843828	0.1011873111014176
0.07922529101797711	0.1136822950763805
0.05661459908971547	0.1108884747193913
0.04402271433104101	0.0975761454167788
0.05416253384946562	0.08274134915454548
0.07371600473087477	0.07896988031981909
0.08829035354887206	0.07937852982745147
-0.1017205609664481	0.09348965630945731
-0.09074803778594695	0.1067565804059874
-0.07479639121558898	0.1158433388529399
-0.0585421677367635	0.1141392145937415
-0.03844410276507036	0.09094413433957191
-0.05271587434298894	0.07974459029898372
-0.07214829606870155	0.0791997255047151
-0.08834200646487222	0.07874567079100021
0.02710284760623494	0.1230202147244155
0.05258062320789196	0.1391596662174325
0.07825708235872249	0.1482131349893858
0.1010493010449214	0.1445324417496328
0.1225246397837545	0.1300154815983657
-0.03641562744534797	0.1341984535807883
-0.06418694454134931	0.1420592658261224
-0.08691865014489335	0.1435817800929619
-0.1046107074491211	0.1387659500689217
-0.1206833568627906	0.1339955620578231
-0.06736776950280697	-0.09129616499254621
-0.01615305582163374	-0.06826147200254186
0.0002221816640854625	-0.07428194271237375
0.02115291481744116	-0.06937530360261357
0.05936665232555518	-0.1028618059799145
0.01450844124778717	-0.1213985060516786
-0.001685269148383569	-0.1218525607653935
-0.02111772635451017	-0.1223974265544958
-0.01559137165943916	0.08510528578051489
-0.0236132362694463	0.02440392443202094
-0.04436248964047219	0.013022758572269
-0.04183542198533936	-0.01930444952291034
-0.0269585195808726	-0.02968669521145623
-0.004105788475241407	-0.03552554377051323
0.01526607352382016	-0.03282252498338551
0.0361363652185716	-0.02575772856465391
0.03858843079043282	0.002389385173387343
0.02670822386013651	0.02149512234856021
0.02339448646210221	0.08187864526480945
