-0.1459500107353284	-0.06749280277337234
-0.1397950179977014	-0.1166007537985062
-0.127563185687246	-0.1526894614686954
-0.1039707874903832	-0.1927547107530083
-0.07877208221891699	-0.2327763184683809
-0.0492770866935225	-0.2533999519364483
0.002358139452260787	-0.2605684812031808
0.04859345982705979	-0.2464597030487178
0.08948706371941256	-0.2132143701276906
0.1109303079014429	-0.1740695652298359
0.1309994793318759	-0.1435316145495928
0.1364954925984511	-0.109104346098264
0.1434235691037982	-0.0682110049584652
0.10063122497983	0.08702219783291971
0.08576755694491675	0.1016156311905531
0.06786546880528217	0.1096994546023601
0.0518601383164641	0.107122825868316
0.04113851035962611	0.08755042326023513
0.05249907560941928	0.08357390510940292
0.06701423250937767	0.08182533335421448
0.08468399151791903	0.08230475523955989
-0.1003355918377858	0.08799669208404697
-0.09271048069426936	0.1032002868739711
-0.06712519611585682	0.1081792440744656
-0.04916504582594533	0.09795459411677637
-0.03768832203558196	0.08969645902403732
-0.0518549316507273	0.07860013493676446
-0.0710148518798687	0.07379548941720206
-0.08558809407508858	0.07768487535001328
0.03211935435798317	0.123726286611737
0.05425962208315107	0.1371813213781186
0.07502589790501404	0.1420295510816205
0.09246330431917073	0.1510722176275042
0.1171972939434499	0.1281770519883182
-0.03718559687463222	0.130415441874628
-0.05812608197400351	0.1319896677088679
-0.07602818216359074	0.1400735025340135
-0.0968525315490693	0.1373660873264413
-0.1141156589324572	0.1219009906159488
-0.08134787261391324	-0.0785943719101161
-0.0290356663763167	-0.05146632566418894
-0.00298570039073352	-0.06361384668973924
0.02403168516784399	-0.0521689096990197
0.08255692219343903	-0.07628961819743139
0.03908957928522871	-0.1331710275586843
0.003924398957143606	-0.1405522999024488
-0.033253791097187	-0.1329915174365572
-0.0181217926896575	0.07951539388690165
-0.01976617998620517	0.02162633721298782
-0.04380320536218949	0.0188317545924572
-0.05274423389047442	-0.007119494951213575
-0.02026889246058823	-0.019092680514233
-0.002366805275874748	-0.02717646873110268
0.01679312859475436	-0.02237189328310774
0.0454748589599999	-0.013024106711007
0.04156514896793882	0.01257844876261773
0.02830782511240834	0.0272154542542382
0.02025614575045341	0.08698383587177326
