-0.1073339945314511	-0.0260073491352843
-0.1040027233553583	-0.0807797324567059
-0.09902602151839446	-0.1355015181303549
-0.0815601203429728	-0.167889370761506
-0.07081088295817026	-0.1960936878052174
-0.04958206530448365	-0.2437307512967029
-0.007974073537759951	-0.2578162711707823
0.05099200867768058	-0.2472230216407995
0.09947851579770731	-0.2171971939037999
0.1329538210324723	-0.18104790721961
0.1617625442732674	-0.1538221388201013
0.1751554072797623	-0.107315416546603
0.1934846005376626	-0.06065697232436775
0.1132089038856271	0.08613403566172648
0.09134614124394116	0.100826693105154
0.05974568438957401	0.1108299451600544
0.04507159003950706	0.1059887435024072
0.03073466294108615	0.09018289510478705
0.04410047964752969	0.08400892410833724
0.05746630837117	0.07783495348142072
0.08063733553068184	0.07415750437414777
-0.08766952502913006	0.0843469475156652
-0.08334009494380679	0.1042350047550803
-0.06886830101863424	0.1156549968601506
-0.05214416535791218	0.1073892877434397
-0.03357233614115002	0.09259543278726538
-0.04633121884712182	0.07903314170481951
-0.06594164012279193	0.07404010994366272
-0.08068316696240074	0.071391806389298
0.01306646355797169	0.1291494660801794
0.04886155503502507	0.1434201538088394
0.07992261853323515	0.1509602690553546
0.09993755506018083	0.1427957654037177
0.1286517972941809	0.1195338107397423
-0.0495276231964629	0.1294196687336914
-0.07296838327041089	0.1418688063916699
-0.09127049195946732	0.1478909844448022
-0.1008059950106277	0.1366228213346403
-0.1052702551320445	0.1211205974619819
-0.06232728708189577	-0.09705815006453422
-0.03523147506030144	-0.06769008268765016
-0.02173079374430788	-0.078249837873468
0.002681078938819072	-0.06871922824055839
0.06648899838167324	-0.1084619801948565
0.00634951625795712	-0.1344562222503619
-0.02004496524628307	-0.1330728192121957
-0.0399250698894671	-0.1292942090133004
-0.02665341130302983	0.08183321379857464
-0.03332965100489962	0.0311430990353993
-0.05233312737150191	0.006413841616471315
-0.04500960427032809	-0.01750587414668687
-0.04104442267969257	-0.0393339005974391
-0.023012021392544	-0.03658443742958641
0.01160965889810395	-0.03771476663037651
0.02765942732974535	-0.02405129153051531
0.02500248622254158	0.008791942517324267
0.001629196537394381	0.01904812309463636
0.01132655189030581	0.07861114536892276
