-0.1958240593228125	-0.05932819155889586
-0.1794115391410065	-0.1100811360336818
-0.1481041874687725	-0.1586677204439944
-0.1118166835189945	-0.2006528162853127
-0.07550072073209785	-0.231613894625522
-0.04081067213290047	-0.2515467676023113
0.003828293186792939	-0.262686059717941
0.04854128244939335	-0.2451631074352405
0.06352720835357627	-0.2077200876153277
0.08347047381728814	-0.1724946502124256
0.09682487627584756	-0.1262281657708515
0.1052275485579029	-0.07553930973117377
0.107007192829819	-0.02703817675532308
0.08913958348524731	0.1008868235953806
0.07924197483703695	0.1119364037865111
0.06766721683804493	0.1141711249797891
0.05276671544669922	0.1097999880004324
0.04115209825958511	0.09660113801921073
0.05768419575555583	0.09214881018925476
0.06925895381709812	0.08991411321564399
0.08083940603050073	0.08988420520419972
-0.1011446689042408	0.08814941099120639
-0.08457271228269843	0.09913063011608295
-0.06801216815326842	0.1057022834890104
-0.05478873140641963	0.1012585370319209
-0.03992238294150231	0.09240089176766925
-0.05319130027550613	0.07920631422994238
-0.07139486520533278	0.07704852361615278
-0.08461826552885508	0.08149230630891759
0.04783214050987815	0.1208367747367186
0.06110113044033304	0.1340313278671271
0.0776616261304288	0.1406029813651555
0.09255651817002455	0.1427693412732528
0.1024541267244093	0.1317197247526216
-0.02825651829382095	0.1254428787378898
-0.04974028538585255	0.1343175901194071
-0.07620415644119458	0.1365907643674948
-0.09938214335485555	0.1300362013940503
-0.1225828705777316	0.1146624703682809
-0.05366960971981587	-0.1059962250083795
0.0009922355264613205	-0.07967976436714493
0.01918432747755796	-0.08193151512926124
0.04069656526634005	-0.07978230591961324
0.05884887068831609	-0.09746762804388036
0.0339595694501621	-0.1260658080078434
0.01410171642072897	-0.1282193504290806
-0.009053493791665656	-0.1259547212243583
-0.00190653043205844	0.079073864697305
-0.0003546524847513182	0.03938334230782824
-0.01696646829441567	0.01296855200845214
-0.03029239980602293	-0.02227391496328819
-0.01046863927895104	-0.03334920338136985
0.02094688926261836	-0.04004476114974361
0.03584740288889855	-0.03567357576232766
0.04913347518110837	-0.01586469207492053
0.04259008080965344	0.01281473953901123
0.03438093728204442	0.037088805279313
0.02952609270620022	0.07899268589398896
