-0.1434176443665809	-0.0685239724628878
-0.1415520947698169	-0.1144337412098238
-0.1272471200190379	-0.1497928409746286
-0.1084949963015258	-0.1844247162667962
-0.07994034478983653	-0.2166725064218095
-0.04322414518385392	-0.2465689278745074
0.004497854055572689	-0.2521775050028772
0.05515170019465723	-0.2402237468390011
0.09059828363102945	-0.2066948833699156
0.1146012437999164	-0.1755830276202915
0.1284072885096836	-0.1387313189786073
0.1354053219504796	-0.08983629358534365
0.1401788383786885	-0.05910936338608754
0.1043807068437969	0.08895505889870574
0.09090199187229125	0.106188907621902
0.07436006668344275	0.1124216441324827
0.05302631019538732	0.1119945954841531
0.04020430562494007	0.09642224275360281
0.05514895003887254	0.08796956179648639
0.07492920497464439	0.08398961944391785
0.09138357051865947	0.08213103596804115
-0.09924177195476605	0.0914429088679731
-0.08965810935635193	0.1047624791857935
-0.07182536250937516	0.1160592407210059
-0.05692449827773002	0.1097936542590353
-0.03688158741819457	0.09269120438174415
-0.05471429902932508	0.08139447952186057
-0.06939626354910219	0.07672465343408189
-0.08593818873795063	0.08295738994466265
0.02810397267613754	0.1268114005323007
0.0557392938185923	0.1404923200754981
0.08678806447746475	0.1476777037369079
0.106612099595524	0.1415106668891937
0.121644231503201	0.1286838434430867
-0.0375820660163445	0.1276845005705503
-0.06241680745534573	0.1381271293333437
-0.09213097627380257	0.1462841492225812
-0.1067253574182683	0.1372401825651221
-0.1212322028882924	0.1238220623931315
-0.06589387247766261	-0.0982417316283816
-0.01874101200926515	-0.07541826009779512
0.001126802571340119	-0.08377235548506737
0.01408015919401769	-0.07476126202964889
0.05567567831269313	-0.1023720767680146
0.02493336605086701	-0.1248669780730943
0.002002401418811926	-0.1275140056840647
-0.02762420799472525	-0.1237311268443352
-0.01368787098080909	0.08221572638730208
-0.02399322845151823	0.02293460912481829
-0.03845629469891001	0.007329442398465602
-0.04609244848878783	-0.02126686776272332
-0.03101646520738961	-0.03628074830890588
-0.001346075131737647	-0.04225074561417277
0.02149741351194126	-0.03522955130390641
0.04088357849465826	-0.01952582441758386
0.03871715942854059	0.006686255824445177
0.02368495560968845	0.01951307783106957
0.02073049782076004	0.08509263126700031
