-0.1795560162714822	-0.02726662590044579
-0.1753337790624795	-0.08232164458162783
-0.1572233590323468	-0.130855337763436
-0.131363783433146	-0.1700191409707103
-0.09322625144260449	-0.2148797039380694
-0.05444655703297835	-0.2501598981117099
0.0227676029216795	-0.2668467768276334
0.06669400843165997	-0.2489494028408948
0.1060868394070272	-0.2042526762644278
0.1248006325846327	-0.1493438378359757
0.1322094167943036	-0.09783320592309261
0.1305750610159018	-0.05138763666410824
0.1295876838447325	-0.007094414420266759
0.1008046314853894	0.07108695515323482
0.09271987465471346	0.09212524464311449
0.07236683280852613	0.09539473253041875
0.04587477202899783	0.1015126716471102
0.03069749188525471	0.08756322175962419
0.04330144300027316	0.07492392769064274
0.06203942934391042	0.07116889929075446
0.08432857671113718	0.07317500476068067
-0.1204909983248763	0.09844225586326852
-0.1020836979214362	0.113362618031451
-0.08237760754708037	0.1122454724551196
-0.05814761278604427	0.1077944459959359
-0.04198778938634039	0.08918344842341344
-0.0552289935310991	0.08050964732271722
-0.07525607842524602	0.07683664099027766
-0.1001331107684861	0.08343999673754343
0.04360795350149933	0.114912344975941
0.06492421596570409	0.1260134226535877
0.08753442978144571	0.1328097402351527
0.1072453540710101	0.1199598198749885
0.1098429080361982	0.08788484802052574
-0.02423713187513756	0.1297216953794103
-0.05234419627306889	0.1353541353005674
-0.07980429740417438	0.1388342364561635
-0.1130774132674643	0.1382201802168722
-0.1327786579316172	0.1276045545547826
-0.06387843930296598	-0.09575662200634034
-0.009293917321910723	-0.0723086814659987
0.01590904490710768	-0.08585465531501767
0.03173329895391327	-0.07405757957807552
0.06986600882424057	-0.1071853642161894
0.05113764906310998	-0.1268959620859995
0.01947947313908161	-0.127024563992218
-0.01541348025781994	-0.1163913446432109
-0.01840470839463725	0.08688485277222929
-0.01676069542205489	0.01697376933056198
-0.04001787605003457	0.01232980230955199
-0.0403292806001988	-0.01592589684936914
-0.01803045360756044	-0.03738533740169675
0.01686257055930706	-0.04801853547823098
0.03688972738217759	-0.04434546894292324
0.05142005134991918	-0.02824370387986518
0.04333529451924319	-0.007205414389985582
0.03330961952479224	0.02028998575653085
0.02327428617740272	0.07125086115533516
