-0.1390554006015901	-0.04161331826027186
-0.1305959856818728	-0.09173100124898308
-0.1188853802066087	-0.1284996236278939
-0.0946589185917312	-0.1692966109244313
-0.07146398749378866	-0.2114519169221546
-0.0369986247634102	-0.2430337507379719
-0.003232680592124067	-0.254145842720293
0.04186905364495137	-0.2434941736463429
0.07258107177832773	-0.2078621648604302
0.09400838092276009	-0.1670560094062186
0.1242675993081383	-0.1213192856481292
0.1389463547370036	-0.07924725784656318
0.1454442946094659	-0.03576300858575369
0.09915010052861235	0.09999396026879522
0.09002537713950255	0.1150553630969733
0.06959340639431885	0.121996509152905
0.0531363180672839	0.1084488321088273
0.03664730950406373	0.08944384664547468
0.0581108719274187	0.08386105955114093
0.07242519960718144	0.08104873108868102
0.08781093293635325	0.0864163950772735
-0.09950618254687899	0.08750993672626053
-0.09123781413954658	0.1011054289865166
-0.0717178914407809	0.1132708543066286
-0.0553722906053971	0.1077179149807703
-0.03501996828856487	0.0871334716024247
-0.05143722239559936	0.08040741777522449
-0.07091732061343686	0.0750636868094115
-0.08623930515281419	0.08061058942277165
0.02561883143974589	0.1290750949626049
0.05031242880277259	0.150760945337973
0.0788531172827978	0.1651270738182591
0.1066815761166433	0.1627112378132717
0.128033630740306	0.1380278344675586
-0.01943510364557643	0.1266093940688044
-0.04591307451638581	0.1499583204684833
-0.08989560401157753	0.1556726018717147
-0.1155809587142184	0.139450036059667
-0.1259602484684099	0.1149518979564775
-0.05358386048234177	-0.1119569109516128
-0.02073337210889162	-0.09577619489922372
-0.003388069369460388	-0.1054280838605943
0.01407664517729264	-0.09461501125164334
0.05797162235505985	-0.1153369149881897
0.02400993455044733	-0.1465192774076835
-0.001595771783120252	-0.1490985560513378
-0.02205169783273651	-0.1462503734514091
-0.01363605411572654	0.06790741764773868
-0.01485083714946694	0.0351694799215992
-0.0273409976582503	-0.0002313347829767029
-0.03765653862264746	-0.01381490628421352
-0.03268193417024524	-0.03840270960035306
-0.002077779418398188	-0.05631820924065079
0.0245674732525161	-0.05101624692088903
0.03597029824838521	-0.02652411459390981
0.02586980830728957	-0.003270737631536983
0.01477755063544583	0.02544588333735264
0.01196168716753188	0.06912233102007992
