-0.142194204281053	-0.02933442096440431
-0.138033093127131	-0.06065510922480401
-0.1272611872391378	-0.1157756881033243
-0.1016307243309385	-0.1609757135146163
-0.07926493588689783	-0.195200552847417
-0.04693987230393111	-0.234546064645313
-0.003020938980344398	-0.2529957765297632
0.04669609005788231	-0.2452455365595735
0.07437335816216591	-0.2106687742220356
0.09486701122900612	-0.1708490844082057
0.1250753581770458	-0.1306012786908806
0.1409980618628534	-0.08171710995801956
0.14786032496116	-0.01655355208023662
0.1013357108719727	0.09258693077793298
0.08803031144357894	0.1105323990041731
0.06819337048291561	0.1189242022119309
0.04917136481485222	0.108820130958795
0.03627114085803569	0.08601357977005476
0.05455732923442456	0.08125981155898036
0.07251750813907736	0.08390441188521255
0.08762055296240817	0.08827622364291439
-0.1065928740425206	0.07786530802362496
-0.09793765080934451	0.1023379669143861
-0.08022195881458177	0.1105312886786968
-0.05630302604077353	0.1041725415428149
-0.03589552788414046	0.08283365103937565
-0.05508053322020989	0.07642876427820181
-0.07426550814910741	0.07002387885687958
-0.08830672620902763	0.07311153802608146
0.03668330300689256	0.1397738422286371
0.05978727008092902	0.151910968213797
0.09138111965326232	0.1607158126211643
0.1097487975046215	0.1541124567853536
0.1189722253913184	0.1341339333804721
-0.04095315234744477	0.1344997365515062
-0.05948380870212751	0.1448022575010655
-0.09009738314021619	0.1453064993728064
-0.1106701805955981	0.1388404309227129
-0.1260200450464375	0.1085132566320868
-0.06701205217627168	-0.09458916714550832
-0.01043739462118611	-0.08468354603541324
0.002460508093587774	-0.09338110877823022
0.02834006342580476	-0.08112171063674678
0.07470867510660661	-0.09205073681849828
0.04678457634585603	-0.1525828418641298
0.005801988112501264	-0.1692140918595937
-0.02366827187367555	-0.1630999261427896
-0.01752785092601586	0.07623031547501287
-0.02308379110853229	0.01297752780412014
-0.04047348510713485	-0.002614132536942566
-0.040475807242412	-0.03411822619705202
-0.02635309091164909	-0.03905544213720089
0.003850654095201084	-0.06181586249652125
0.02409742314725109	-0.04795145680952763
0.04295643182701205	-0.03414826187877362
0.04010161809449809	-0.0009169162442987338
0.02002011793402526	0.01302363568238848
0.01594281004109599	0.07399878898864827
