-0.1964597661772101	-0.0442895712678204
-0.1861065039504946	-0.09613995791678119
-0.1705057022136841	-0.1420282817108344
-0.1374024328683866	-0.175544089914843
-0.1005726011533275	-0.2013197644988599
-0.05473635186950973	-0.2358964794022854
0.007081378956505395	-0.2563226290766049
0.04712733296671693	-0.2443834037354908
0.06692237233211697	-0.2018570048290995
0.07398451757273361	-0.1582697553983173
0.08709819385890923	-0.09929171035132765
0.09404084388808906	-0.05383661735706825
0.09782201544127726	-0.002957407515999919
0.08051588430857491	0.09158361863800644
0.07803895857319001	0.1083042331988994
0.0661100156962906	0.1187938036297014
0.04696702628094413	0.1100673328117369
0.03146354974307435	0.08844549764919291
0.04419645606792459	0.0873846170728228
0.06277439818970147	0.08294674726804802
0.07258488352688253	0.08357437264449051
-0.09747413618061374	0.0801967147516965
-0.08277462112622834	0.09238982935300696
-0.06947660609420524	0.1044932933283087
-0.04973621513172059	0.1038807471119644
-0.03416783102654836	0.08049580775282804
-0.04898677594983468	0.07017047923032443
-0.06428375658424998	0.06731641867679244
-0.08134070543669404	0.06997612625090006
0.03736312004166615	0.128207466811682
0.05134566603345075	0.1516074476626247
0.07481264548874392	0.158735108679942
0.08474261252765068	0.1574949410160877
0.08593754499735469	0.1388168124493297
-0.01813166406796614	0.1377853821375616
-0.04255458687973421	0.1456001830312484
-0.06637997377191282	0.1440759549321126
-0.09288892887544886	0.1405046087953509
-0.1248519270088466	0.1122033835974457
-0.04112246224339691	-0.1187473453339231
0.007897455345287536	-0.09310585014579288
0.02519339830798459	-0.09950114183602791
0.03849140310440714	-0.08739767851554826
0.06118670499022506	-0.1122021207714683
0.04896412656164726	-0.1411158595144501
0.02701821333453474	-0.150021698649881
0.0001507791449094856	-0.1479896164522158
0.0005435398746818825	0.0658373801540585
0.0001628224010034604	0.005798437333608051
-0.01429769854312907	-0.01013026138382979
-0.01122330591807006	-0.03618995046370228
0.01331911406960102	-0.04587262562766797
0.03726405431270911	-0.04621618598507425
0.05464701082231286	-0.0319758997904001
0.0586995904300128	-0.007335761511203596
0.04897618005334169	0.01267219492619593
0.03961124876275972	0.02707672302916836
0.03241949506401545	0.07350300503138711
