-0.140129318246025	-0.04516242895996446
-0.1355138923126623	-0.09022729988033681
-0.1248170373489847	-0.1304898752515342
-0.1028705333266559	-0.1658976602016473
-0.06912579233963588	-0.2135755556884745
-0.03414547875293938	-0.2464652215034351
-0.000832308224577269	-0.2516675737768801
0.05169299239609512	-0.2382052263172776
0.07768358673476608	-0.2046959645780243
0.1008276998627997	-0.1638278497096681
0.1247680475524794	-0.1226900289212756
0.1386113874170849	-0.08270136767608971
0.1438378040191499	-0.03225726483130849
0.1009719165199632	0.09474686231401122
0.08977375418010348	0.1057147814949369
0.07443720104321236	0.1147936854085707
0.0537454790011575	0.1053486923992895
0.04140550882724761	0.09229464417827093
0.05397066193900919	0.08318754925959124
0.07475620998236301	0.08339875455454172
0.08717124089561196	0.08906577867624615
-0.1040556654918816	0.08712269134067052
-0.09312019596195757	0.10200940225414
-0.07656682464726459	0.109565420888467
-0.05433927569392425	0.1042504258321818
-0.0389089164877354	0.08593770363779758
-0.05267212220683849	0.0765630820327472
-0.07207193466249932	0.0763659574198606
-0.090104847634183	0.07802967638422013
0.03814620217941061	0.1402822767000723
0.06153426350725596	0.1571424848137135
0.09473478194802055	0.1630206933728658
0.1115133464236496	0.1484155588500771
0.1187608713772515	0.1170910297610316
-0.03666294276914788	0.1376751746608016
-0.05898430760353637	0.1522239575342511
-0.09368315320375331	0.157412249983135
-0.1116221994874676	0.149842161403996
-0.1333993827707717	0.1108348904213863
-0.05910978956515948	-0.1081974981724437
-0.01495497550817234	-0.08927935181808833
0.0003628223841761861	-0.09651148189362126
0.01135455692789333	-0.08716502165269868
0.05176513103401269	-0.1089178649368119
0.02856472170876527	-0.1442456484791148
0.005007823933035775	-0.1444850139041911
-0.0268821107416326	-0.1429621186074667
-0.0193964823052297	0.07505426710958635
-0.02302817106250795	0.02330268524943302
-0.0380644806250418	0.002833432044305215
-0.03920623816633812	-0.0211885044827189
-0.02379461324435561	-0.03765452347509101
-0.001529544401513847	-0.04666299526298887
0.01921841291058263	-0.0427583139562604
0.0344423844931317	-0.04075662595670986
0.03828048111455146	-0.00931945408482408
0.02841167771733165	0.007202825680296577
0.01384156676228829	0.07723893831845438
