-0.1260980359633331	-0.08133569757996388
-0.1214515677512704	-0.1234615679056477
-0.1099877944840613	-0.1675506149440056
-0.08715813252193949	-0.1917630835137263
-0.06844063968365492	-0.2158936972037204
-0.0441674939079573	-0.2364797660971359
-0.005823335908531561	-0.239070698286702
0.04229779843365878	-0.2327185090078581
0.0729267419421257	-0.2095703422424721
0.1063698256987915	-0.1828230527580901
0.1344391372720415	-0.1504862379358552
0.1515789370141611	-0.116104270592894
0.160712547295379	-0.07059770717675275
0.1021207903609494	0.08590925193341319
0.0913731887187091	0.09708844395789532
0.07110311824949753	0.1121122452460995
0.05317447185964684	0.1069865634141519
0.03358414440918402	0.08727367667608305
0.05533404541709216	0.07770301957260536
0.07178286126824629	0.07737555721982654
0.08700641316558028	0.08438263016402989
-0.09685372438898043	0.07890521924874884
-0.08967274010553314	0.0952100742791052
-0.07441282987777319	0.1040439716198579
-0.05533165561891903	0.09818149979310342
-0.03517072000725689	0.07767723652196253
-0.05306299805575349	0.07437837888726692
-0.07236235073557064	0.06927998502004219
-0.08881116658672482	0.06960744737282103
0.03067211276651513	0.1476403398382293
0.05422914678351552	0.1599641147519785
0.0858651363790186	0.1648169113563761
0.1048371463454303	0.1534740081773609
0.1179262321326002	0.122145331836944
-0.03119273232549316	0.1397342516333958
-0.05835281210820936	0.1530677007730159
-0.08436039385540926	0.1554130068627534
-0.1036961148765805	0.1484877887982765
-0.1167600834048382	0.1121971618023014
-0.06622218580834098	-0.1044581719909516
-0.02725975918372186	-0.0759932532013791
-0.008214982501817649	-0.08368250858378165
0.00441256812245952	-0.06931366183462226
0.06269948470766432	-0.1033696529128116
0.02125017244287026	-0.1189922954721845
-0.000754315171770318	-0.1222093174518212
-0.02676186748407735	-0.1198640419927594
-0.01424605440888453	0.09553602110898439
-0.01793306712070544	0.04809350887932337
-0.03352028982978936	0.02281832390536749
-0.04081037873870473	0.001033016305111007
-0.03857806949503693	-0.02459692919657196
-0.01394124329525556	-0.02691490628138839
0.007954128885800306	-0.0291783767160671
0.0215887368038246	-0.03310484026162443
0.03057684408543614	0.005094446985256062
0.02001102249002043	0.02540768110435662
0.01558278215567002	0.07849438609474943
