-0.139625734205014	-0.07597059304189144
-0.1341580115586183	-0.10816242561298
-0.1187270380613288	-0.1468219369058607
-0.1020670347149674	-0.1756668228617547
-0.06905838890680641	-0.2136409960034893
-0.03647578236058473	-0.2355909444285897
0.003836011897827732	-0.2466966238198558
0.04468306566338665	-0.2405763155241518
0.06867899249023945	-0.2117632832522971
0.09632919857638003	-0.1842954591986042
0.1222478480151593	-0.1530790057020475
0.1392411210678973	-0.1117322533116631
0.1511927107361788	-0.0542178930668241
0.1112033251490189	0.08619710882104153
0.0913150614983616	0.1003629147455512
0.07208235243751628	0.1058870374741388
0.05804421144859787	0.1001652383747721
0.04104553663123135	0.08837736841428076
0.05747065206489704	0.08170887745845948
0.07685637401736223	0.08110643677223382
0.09166466356444786	0.08187786518825482
-0.1053441839166092	0.07568410245797444
-0.08992407088528127	0.09614229363029334
-0.0703089618090928	0.1029223984489179
-0.05299892240760756	0.09499478868606578
-0.03776456527252094	0.0797420190040266
-0.05272583108146953	0.07404890740731838
-0.07137960703546579	0.06847049116119067
-0.08803414536886792	0.06775646522280458
0.02584396083801102	0.1344194707146265
0.04980164932915243	0.1620020453481165
0.08226410418134195	0.1659196625207758
0.1078823221923154	0.1577338726839474
0.1323151275863777	0.1114048867687386
-0.03427410271869143	0.1325928844458499
-0.06481929081447464	0.1606376001075914
-0.09343628843955915	0.1615269166741473
-0.1142421924440837	0.14616253426763
-0.1283131330897468	0.1096514031191193
-0.07981354160882799	-0.0839874031680385
-0.01458272317585018	-0.06630873693636455
-0.003619900297890164	-0.07034425113241664
0.009418659506522677	-0.06705461627420858
0.08696147405686926	-0.06946437674246081
0.02947067632972614	-0.135416475551756
0.004431484992063222	-0.1383331634333813
-0.02330059867638497	-0.1387029928615926
-0.02091884009844347	0.08660817745776903
-0.0292543877048238	0.02651818798616045
-0.03998233040462083	0.00837735325391728
-0.04093826318509106	-0.02238326353566896
-0.02443667307207149	-0.02659090331683543
-0.004510226030338204	-0.03952624989549259
0.01245026653427754	-0.0289688026510969
0.03583439450339281	-0.01984262556367639
0.03763695882507964	0.008428443960319925
0.02424885161463466	0.02362384779448108
0.0205837135968732	0.0840868134224779
