-0.1356408544236034	-0.04734089884214163
-0.1290735993800184	-0.1022253958831092
-0.1128565612458177	-0.152205492419141
-0.09161509278970351	-0.189550173482528
-0.06165385762430141	-0.2206987350036864
-0.032966535368705	-0.2364130230473334
0.002848155035621147	-0.2443116290569318
0.03829663137726903	-0.2392117313340478
0.06826882352264461	-0.2161770962421819
0.09475924761973088	-0.1855624741927147
0.1148981563247392	-0.1499872215864666
0.1306153420634366	-0.1060415648030838
0.1385227634196294	-0.04380037700568705
0.1011776364277476	0.09318443444997003
0.08798230461390773	0.1023567872433251
0.06802711778911616	0.107841460353069
0.0535774554729303	0.1017577050404778
0.03324806158944379	0.08814881015008545
0.05028833522873073	0.08017450863891745
0.06735354586327442	0.07347307774186679
0.08559831279470716	0.07820908552424502
-0.0994966926880399	0.09075042049630314
-0.0838924216578167	0.1069986872183849
-0.06858749691891468	0.1079721200108996
-0.04971206770003726	0.09614166027432154
-0.03274661619112212	0.08434866184423551
-0.05674631231721452	0.07845205479824952
-0.07403604766971426	0.07369732026390627
-0.09210618374921206	0.07787168968811688
0.02188085338832433	0.1418540486045648
0.04529972369449677	0.1668628840875806
0.08932944790858459	0.1710935240449846
0.1149148196965668	0.1604049750857134
0.1275114212191066	0.1206829646494815
-0.02880890002467738	0.1390273141440663
-0.05130475638163393	0.1611158597947752
-0.09603997541546422	0.1696329432551702
-0.1222240865969905	0.1497718537043965
-0.131816943854715	0.09902419753773165
-0.05171874536520306	-0.1037414421452042
-0.02251996112986818	-0.07629911876564432
0.0002752606512417268	-0.08311282138454236
0.02045494303056892	-0.07714136640021221
0.05813097005003921	-0.1046209731330359
0.02325209676923532	-0.1294052465965314
0.002192243764017876	-0.1315392312847457
-0.02070274773031546	-0.129817152854704
-0.01457669126556881	0.08526592571112518
-0.0225838723043968	0.01793314195994823
-0.039018430682084	0.008068077102966561
-0.04248215168645372	-0.02242541179995439
-0.0207666600188573	-0.03558494897060144
9.359894644998899e-05	-0.04363409786310696
0.01833836476386947	-0.03889814692221855
0.04236300828714461	-0.03172862207987589
0.04120142389072038	0.006495880862409838
0.02617090733386962	0.01952435454385499
0.01882328964328204	0.08333796427428254
