-0.1408350428745195	-0.03523973913680566
-0.1340040588891193	-0.09069387063633864
-0.1185153006310821	-0.1401267520816447
-0.09719249927207745	-0.1834544714597404
-0.06928084244800634	-0.2269779899744112
-0.03440750506622211	-0.2581513347875367
-0.0005219093180814267	-0.2591583033612133
0.03731515971181838	-0.2540041100042191
0.07510574589950868	-0.218711633019465
0.1008836001717516	-0.175527848730992
0.1238376375711868	-0.1322602059564419
0.1325607984506049	-0.09233677173080243
0.1417313592780205	-0.03735815356963747
0.1011828253472426	0.08816189279921931
0.07983193881517925	0.09884203313839098
0.0620224347231104	0.1018827003035322
0.04945040539858065	0.09095492396049992
0.03601170692803599	0.08256432004850266
0.05276807344231544	0.07578784522887315
0.06794023131315728	0.07910409133425084
0.0858243102605768	0.07857263526651467
-0.1061941154448329	0.08427879199722009
-0.08884119954933072	0.09757591397056123
-0.06900003028668635	0.09949772682581337
-0.05503016904170002	0.09405974335936858
-0.03375385653255993	0.08087041993488649
-0.0564933969063026	0.07652331927490863
-0.07253219646601668	0.07574422609340865
-0.09045354883506429	0.07502107619622865
0.02357044064727632	0.1394408843136773
0.04592792016055126	0.162634958584827
0.09600150197361491	0.1674254856028274
0.1134381241164208	0.1518388192523262
0.1271562616009108	0.106225686319014
-0.03098574782251446	0.142317828597845
-0.04940098048448655	0.1566778624291828
-0.09725642814024875	0.1631228141918285
-0.1165291609293477	0.148627029260415
-0.131049054138646	0.103853037822578
-0.07346473446427625	-0.08244725700572546
-0.02870326846808369	-0.06619752364672073
0.0022093999883378	-0.0721389916774797
0.02027989328567342	-0.0663974006332842
0.07837744552072884	-0.07691381753653082
0.03125794048424366	-0.1408104079351245
0.002908090357998586	-0.1437350563223033
-0.02231969376804569	-0.1367068388043032
-0.01869360213045832	0.0804228786548922
-0.02507764918364332	0.02410574085097241
-0.03979316255625359	0.00445171327962238
-0.03876812799382492	-0.02446002953776718
-0.0238197224236536	-0.02867140655481233
0.00302961763394757	-0.04453776926480412
0.02697139860935678	-0.03143643736814905
0.04507917189092724	-0.02444033401016144
0.04800561061025761	0.01063257073789916
0.03041980085233962	0.02120079732876403
0.02181815902140874	0.08047468778755895
