-0.07535580546251439	-0.03401328331227238
-0.06501252194633149	-0.07658508730182918
-0.05445626925595122	-0.1292208104554218
-0.0534978270774074	-0.1745082857466106
-0.05083814126848877	-0.2109499703367915
-0.03622841288215586	-0.2320361011400403
-0.01711267440779427	-0.2429584987897681
0.01311577995265443	-0.2435773327996344
0.07970014410576276	-0.2220313771064543
0.1281125260763921	-0.1895430505627753
0.1690276926346969	-0.1597304933542914
0.1937117958318627	-0.1214515998985245
0.2104194712955663	-0.06320470984650718
0.0873611331609629	0.08521694482762084
0.06916254636481318	0.0974172988984511
0.05198766097566555	0.1058636699205177
0.03594295201990497	0.1055241074762263
0.02504322403315274	0.08515662506861868
0.03469427983559147	0.07529247709611248
0.05275974057513145	0.06938203694734585
0.0724465912760207	0.07609144871882667
-0.07230203455587607	0.08938922599855484
-0.06790249052795339	0.1045849284929522
-0.05762711287535587	0.1098366047758543
-0.04325699453829675	0.1000723193889808
-0.02788986386916984	0.08781204175293994
-0.04188721682377003	0.07996451222039658
-0.05785208345452249	0.07585098198440801
-0.06540253638003957	0.07569118785801005
0.002031102071691217	0.1463385621140487
0.02533343412491574	0.1606757865190439
0.05647907701941672	0.1613349378105658
0.08109794070398617	0.1580802926073537
0.1300840448785748	0.1188434178145031
-0.03836623618983244	0.1366737698197086
-0.05111497313553155	0.1590578694784098
-0.06918041455549939	0.1649682819357599
-0.0784055142751304	0.1547046387893279
-0.07771330588095829	0.1219970104636937
-0.05150637394970424	-0.09014330550747143
-0.0386391603745059	-0.07350982299085326
-0.02246133333769031	-0.07946024020475163
-0.005526040065258394	-0.07658472796387818
0.05349585900778075	-0.09924804301274175
0.007888254244388089	-0.1304184924437438
-0.0194555345635515	-0.1322557106718985
-0.03746772910775809	-0.1288612732252004
-0.03058816565373183	0.08146219549753153
-0.04580754872869978	0.04212505315712247
-0.06550638270385543	-0.008633872085844532
-0.06327266352918252	-0.02494770957981965
-0.05556246958009192	-0.0323358592105156
-0.03830769584567194	-0.04455615958327998
-0.02239610358395236	-0.03792668301878003
0.004947694586555973	-0.03608946459248057
0.01768179126956845	-0.01316605859308515
-0.008226988881237305	0.006422417020734793
0.003601883222417144	0.07211737888164468
