-0.2086580441742388	-0.06400232852083296
-0.1904971212787684	-0.1029193822306275
-0.1638673418114715	-0.1427773954153974
-0.1323213402109358	-0.1765276149292249
-0.09881470740181278	-0.2026319110826445
-0.05054469911019051	-0.2234200075346511
0.02804803130528279	-0.2409230649062106
0.05166355952902187	-0.227214288551258
0.06325769004380984	-0.2055159677799858
0.06459197645095391	-0.1663452709150126
0.06613997479869149	-0.1420184934640127
0.06748902617631115	-0.1158548873920402
0.06958997789362305	-0.0580171854435667
0.05583007840035835	0.09473840597479072
0.04971988086099104	0.09965160853312899
0.04360972568192543	0.1045648532200567
0.0327822241465266	0.1015334397477151
0.02255174703157479	0.09299157906285914
0.03241359315317806	0.07919286770897138
0.04206167793944281	0.08023809857244461
0.05328717521932902	0.07959578136807514
-0.08890661170354024	0.092067000575246
-0.07493921789252322	0.104730484381222
-0.05899653395808914	0.112032826804467
-0.04757209372776697	0.1095537180831119
-0.03672998715539016	0.09957795774190681
-0.04616448685025398	0.08368876556758328
-0.05856924017256854	0.08234488941874246
-0.07668620533896796	0.08224057791149642
0.02526439916781185	0.1323116113637346
0.04080909439220201	0.1432876195317133
0.05301485436441509	0.1464683192769243
0.06030437063663453	0.143541251169342
0.06247865913475555	0.1363432398102571
-0.01334275434246754	0.1411378015062301
-0.04171949968945432	0.1585058824031253
-0.06830529785108434	0.159342486000712
-0.1031462759698056	0.1462760225987345
-0.1328427089481936	0.111466203984199
-0.03157929458050759	-0.1024284372523085
0.02333928818427668	-0.08161172870175966
0.04598909505732258	-0.08473307493148306
0.05957316711248939	-0.08140306433188621
0.06490210056594603	-0.09197606932726757
0.05410395674724261	-0.1210217205830867
0.04189820280455245	-0.1242024759842781
0.02378122434247441	-0.1243067513924577
0.0007125032903930722	0.07575851174461533
0.01179762162252532	0.02492452223953868
-0.003533487505543622	-0.0008954565152870975
-0.0001505834701701282	-0.03212161534552393
0.03274446950798522	-0.03970822878737893
0.05381698223381379	-0.04114207982219108
0.06464444040399052	-0.03811069920244219
0.06896369377276254	-0.0264924522894622
0.0721036376846791	-0.01686033882231779
0.07444761345250457	0.0001191071392146314
0.05016182003395023	0.05695655801444073
