-0.145663640614797	-0.03200265136289408
-0.1383841080729238	-0.07440334221452406
-0.129180112333888	-0.116822992867336
-0.101921701235733	-0.1825095231093509
-0.06767396968146946	-0.2226114547181187
-0.03599292393322377	-0.2400465540424145
0.002316308393007334	-0.2489571958019447
0.04552634211521397	-0.2391228753906844
0.07973403900787079	-0.2054050518281416
0.1045257180795501	-0.1653103379705738
0.1237560984567029	-0.1231717431670975
0.13193590573786	-0.07451053387631001
0.1391989696744128	-0.03097096665053164
0.09998929591549523	0.09127199045429413
0.08565704041931863	0.1016751866452995
0.06645019839089356	0.1057131490954723
0.05385222921555111	0.0968588975749472
0.03736730335340954	0.08419499594628695
0.05461162259516952	0.07632835705161564
0.07093176155641966	0.0723189632614562
0.08637839330037804	0.07729700968754066
-0.1030824443898567	0.08943165288299347
-0.08848394028258501	0.1059622462019793
-0.07112547884985707	0.1096386786948605
-0.05390652000338529	0.0992069424802567
-0.03481377243856991	0.08362590817066423
-0.05507165541237694	0.07869548650985207
-0.07341768970084453	0.07246344118161831
-0.08781334694022894	0.07645381770901917
0.02632753132441448	0.1356116386844646
0.0602597762124964	0.1609298888458092
0.08726601628968605	0.1670763417959283
0.113170550676893	0.1591240913378257
0.1262996010628637	0.1243617457522792
-0.0322552643997686	0.1477350206312753
-0.06481944100735336	0.163449204982833
-0.09748505040560666	0.168902923596514
-0.1207437793925437	0.1524579228443897
-0.1346336493757803	0.1102665661032859
-0.05882210446967553	-0.1059744123568597
-0.02009138353223855	-0.08198628694966156
0.001964178526379092	-0.08990043596957217
0.02031022236031833	-0.08366839073571174
0.05953406925845552	-0.1071445665366746
0.02360126080202945	-0.1401391582133597
0.007230457662418956	-0.1412600264476072
-0.01871214670912244	-0.1371554980500564
-0.0175947942180347	0.07319420040372852
-0.02493918345155138	0.01169781947942059
-0.04244979014690683	-0.00736939757670708
-0.03699333385141822	-0.03949047150797878
-0.01972365383687637	-0.04479197490083098
0.003294148469247108	-0.05271569459768649
0.01974109053941912	-0.04389948724252359
0.04096118625679774	-0.03897852142987651
0.04610212640032935	-0.00567949921716031
0.03563153363647153	0.005968210919547281
0.02186990299714293	0.07408674580673273
