-0.1391265323598393	-0.06684520751689502
-0.1306569617056462	-0.1053577536173347
-0.119969496243842	-0.1479181104476633
-0.1043627689478639	-0.1886972945460079
-0.07448174773515415	-0.2340096315735386
-0.04167194337185304	-0.2523899454793902
-0.007720662918639931	-0.249798250714079
0.03881099856726654	-0.2440372942178522
0.07442767356729334	-0.2168189777512563
0.09917003888603451	-0.1743654877756051
0.1208211651357602	-0.1339552648426907
0.131638571675599	-0.08453214419547907
0.1363140849153411	-0.04541774016185211
0.1012944039419434	0.08766046143551698
0.08619951560228764	0.1059873140640343
0.06844397717405204	0.1122629540027603
0.05281290817709855	0.100828136500963
0.03774647594149988	0.08682584140135335
0.05841864678639591	0.08137529955092093
0.0757842160388123	0.07888540846452333
0.08871398274261966	0.08449117770454728
-0.09953713009879792	0.07915769776018131
-0.08904061552611806	0.0938152318035352
-0.07267023444883566	0.1039007678287238
-0.05382605010242878	0.09871231508909588
-0.03451061290437886	0.07729376910774274
-0.05658013073404401	0.07299848418865929
-0.07830032769249508	0.07113964204526742
-0.08817943883199235	0.07379939620941681
0.02475983202950237	0.1458784181176263
0.04910006963857137	0.1660106775122162
0.08470459647139952	0.1671220223121029
0.1138585133376892	0.1492659021279791
0.1263739367979936	0.1064434510201395
-0.02338448843135297	0.1353755824253893
-0.05166502603631444	0.1593228308821819
-0.08178569700697669	0.157425205849737
-0.1074705200956933	0.1474319139909356
-0.1248198215778814	0.09148566368244299
-0.0750667666698188	-0.08846286325256751
-0.02229977610759051	-0.05873047089878331
0.0005903180449056741	-0.0682288183123986
0.02353320086928365	-0.05784244008732848
0.07462256711749383	-0.07884362940165533
0.02627924647003663	-0.1427786744818789
0.0007284672622782824	-0.1453315254914398
-0.02503758380227115	-0.1428804716940991
-0.0167022482043635	0.09090292344107975
-0.02831176332957667	0.0229442394651294
-0.04699348399087919	0.003243925759160693
-0.03856456424126534	-0.02904644684659358
-0.01662907732593015	-0.03219157687673553
-0.0005267800773616892	-0.03698683058336763
0.01784618508409749	-0.02594521341455318
0.03843711891973504	-0.0189513435421983
0.04498117626265655	0.01367872798581591
0.03197019194967067	0.02051731216861449
0.02151017111188404	0.08418071382545526
