-0.1454080965519758	-0.02581124179877596
-0.1370739392498131	-0.06300756721779922
-0.1266194589128906	-0.1117552566376889
-0.1143179147458032	-0.1553234509256694
-0.08646226362522581	-0.205074197836296
-0.04609635006207481	-0.2520459334593013
0.005309739731010776	-0.2653668361858739
0.05528775927716319	-0.2503898304297735
0.08738106457478639	-0.2048091445591349
0.1126313786818423	-0.1541909150570777
0.1252864437129592	-0.1070617583938836
0.1328607105958236	-0.05930692294793578
0.1365572461098396	-0.02249266023377222
0.09887630816795093	0.09661329987154439
0.0870162723432661	0.1131547843489372
0.07058066914478328	0.1141736430680748
0.0552367899200481	0.1074863737906238
0.04203426542418957	0.08796079870796748
0.05273950967622668	0.08298634473663055
0.07114828457568595	0.0794250894556336
0.08943092333857143	0.0835856966638694
-0.1009951967684653	0.09334841144870577
-0.09446749001365695	0.1076156207629726
-0.07524034440778983	0.1130789896913268
-0.05382976969826869	0.1031300831568136
-0.03909406171694862	0.08792287712028028
-0.06117585658140572	0.07983823989835009
-0.07654077739156531	0.07443793142554178
-0.09209488434505544	0.08062048404818793
0.03065623440657437	0.1341187163030205
0.05263294320302932	0.1486383224146841
0.07580642325831524	0.1490168597493254
0.09423622152520657	0.1441685858804634
0.1127921565545208	0.1315984112088365
-0.03697522080846923	0.1355886272699467
-0.05844883438174137	0.1493984367833144
-0.08258791122673521	0.1490041264860346
-0.09702931982619641	0.1461935987905967
-0.1132756888329715	0.135629587618208
-0.05403404644524468	-0.1208681679405146
-0.01104623412518986	-0.09184479588496933
0.0045289153524984	-0.09931436678255604
0.0207542903528395	-0.08746337486644741
0.06473017293545774	-0.1189281619100057
0.02459698176469306	-0.1453303044548941
0.006272298144490516	-0.1469169894279957
-0.01404655212189598	-0.1446742396252199
-0.02240618561946931	0.07146025510914525
-0.02523832074473741	0.008334911703931708
-0.04035094902974772	-0.01250918848309871
-0.04173550218439121	-0.04600229738578904
-0.0175333571146482	-0.04946892791150875
-0.001076759909731312	-0.05177476737436625
0.01819248849313757	-0.04888534847752147
0.04327607265049995	-0.04718830519527212
0.04262436625326513	-0.0072918304854984
0.0259575116456705	0.007883887878367328
0.02576684462775793	0.07868378649729109
