-0.1483800194729225	-0.005281405614947399
-0.1415625605155757	-0.06733996957034219
-0.1231052202282936	-0.128100495485847
-0.09785986571692988	-0.1836861790748245
-0.07067783566685841	-0.2315134206364192
-0.02895204948255619	-0.2638188502873298
-0.0008209288284879991	-0.2638065182415754
0.0389483342545128	-0.2586172754196616
0.07579165582628726	-0.2172267589667985
0.09904929405523936	-0.1642056642789068
0.1213414718183646	-0.1215285432241247
0.1378049187601101	-0.05945984080663218
0.139719479448489	-0.001276283939181374
0.1028160867768907	0.0943857284488113
0.0872898276836869	0.1073084490957757
0.06982797859653828	0.1098866938446267
0.05334191745478917	0.09953584897249736
0.04073764192449518	0.08530788040252076
0.06111014818471103	0.08143797624009823
0.07663016285537337	0.08273770561973305
0.09311854893713212	0.08791674263278779
-0.09895232769961938	0.09559026124220568
-0.08634748535899218	0.1085252561898451
-0.06694901852039954	0.113705568916352
-0.05530344995548204	0.1020741305561984
-0.04074666702993796	0.08785805915591753
-0.05723559105792698	0.08397200540062902
-0.076636353968208	0.08396350054585187
-0.09118806456187994	0.08654302103346556
0.02325884658459351	0.1266746025159923
0.04362278350335016	0.1421989081253747
0.06593365603878647	0.1422086887062592
0.08436551921873298	0.1396308595668274
0.104742559868809	0.1254173781267299
-0.03397567600283409	0.1318212922083541
-0.05532272113558961	0.1460343869115722
-0.0795753703508694	0.1499025804844838
-0.09800269913673722	0.1421368227234672
-0.1135204466040326	0.1356652854594474
-0.08044281300578299	-0.08412152844996351
-0.01351135787158819	-0.08150627796638581
0.004922205697173783	-0.08796293174509161
0.02722967745076087	-0.08019549226288537
0.08640365179489595	-0.08404838674106416
0.02919639330014656	-0.1409631991805359
-0.001843703379502592	-0.1435627060832033
-0.0231850805017315	-0.1422791359023347
-0.01648778301489045	0.06976741555218817
-0.0271281478200855	0.00123647347006961
-0.04555490018128322	-0.007822238663518378
-0.04845198304465401	-0.03756133034117404
-0.01546616131321615	-0.04789048786104128
0.00199676361577195	-0.05305458365213935
0.0213947214017662	-0.04658134539185365
0.04855291699245648	-0.04010470521918597
0.04950540842892318	-2.29059864439243e-05
0.02913177816659655	0.0064329550476453
0.01940193278748247	0.07366198379768282
