-0.09653664295626736	-0.006544079229102875
-0.08564550924056717	-0.04686924860251251
-0.07470277650371762	-0.1015170551124282
-0.06770036772276437	-0.1470645183937238
-0.0597492692162275	-0.1847961279756171
-0.05081660745406142	-0.2238262636241384
-0.007721507534917906	-0.2549207538014567
0.03526567181033284	-0.2560679127795455
0.08108017507580327	-0.2285591467623006
0.1209818213986433	-0.1867488229380598
0.1540641526407612	-0.1501713470826234
0.1811678507385186	-0.08106353461174055
0.1994656400150694	-0.008081252202536049
0.1033565213847886	0.0957385341135896
0.08574458724568249	0.1034875317146113
0.06619303272663721	0.1073232770523745
0.04668839352937809	0.09813842293838936
0.03597564091742539	0.08898527018870253
0.05064752046618384	0.0838298323093348
0.06727316874820427	0.07868143708234247
0.0867965817148718	0.08265808245346809
-0.0890924105053742	0.09634687764784874
-0.08423620286910703	0.1041768650351004
-0.0705787507298121	0.1094344202386506
-0.05297623261704888	0.1042895462854494
-0.03437809032025008	0.09393999448390944
-0.05191488023013827	0.08085596347630636
-0.07144768036095947	0.07948350000134756
-0.08221675459551797	0.08595506069556855
0.01334795019578404	0.1331743261581517
0.03967662683070347	0.1462900197676847
0.06604753505311466	0.1476871613008193
0.08660414937331001	0.1360425563932066
0.1051882403973633	0.1295991660989009
-0.04624606462026067	0.1342615942353609
-0.06974268507784298	0.1484997590392835
-0.08928484302159195	0.149731400040548
-0.1009885748805857	0.1444808873147173
-0.1077703711449556	0.1288315248494789
-0.05021520583593947	-0.1196578697355925
-0.02979940538510998	-0.09224065715129463
-0.01608093802366677	-0.1039099111850316
-0.000497868394079794	-0.090832922655148
0.05040751619716591	-0.1205972146130414
0.005560495982527615	-0.145498384056842
-0.01496325432355818	-0.142968207403151
-0.02766730417571717	-0.1417118883437107
-0.0245858663256629	0.08746485444220703
-0.04192555002494308	0.01969435053754496
-0.04964666819699588	-0.006375057283716934
-0.05053905550650194	-0.02981567294984981
-0.04266774613124651	-0.04541222578922802
-0.01823180373105012	-0.04923035492771915
0.001300996399771132	-0.04785789145276034
0.01888940488664883	-0.04909654596476166
0.03150900125441639	-0.02691576083647442
0.0137891365713758	0.01078064545358271
0.01354507610195709	0.07848776611562588
