-0.2052863154418477	-0.02865117372752741
-0.1888641752093639	-0.07721637420226023
-0.1705535392806885	-0.1388923661404825
-0.1412706972918813	-0.1731235698368408
-0.113961087215291	-0.2086531712613489
-0.05331433155568808	-0.2574783838844937
0.01542561840984394	-0.2670522800090479
0.05591170055832054	-0.2345412032927154
0.0670995571400478	-0.170418781799758
0.07533906968741057	-0.1062790162005113
0.08546711732848711	-0.05524997405051145
0.09360652069072985	-0.008139110383850928
0.09577228913390308	0.0259071958140438
0.08437954557817101	0.09409232505928475
0.07755410979828486	0.1033021941174701
0.06182975096238977	0.1033946431819523
0.0480170803217787	0.09430611284741039
0.03519484717340702	0.08652174868744072
0.04497638681953019	0.0786044304598475
0.06655879003410524	0.07192772983962593
0.07741548320252684	0.07972365010399669
-0.1004350253828259	0.08600916560002327
-0.08368942336105857	0.09246052232771813
-0.06006447493638776	0.09887149144238282
-0.04436322074328591	0.0948492492957184
-0.03459715201553968	0.08431214090777125
-0.04940031870015019	0.07391943499349317
-0.06614592072191762	0.06746807826579833
-0.08676869236715903	0.07020926644669277
0.04329580136852701	0.1270829698719863
0.0531774017983117	0.1361946123580122
0.07385407420286026	0.1426228861814438
0.0895860758817445	0.1438403327416619
0.09740971873481623	0.1372445247376118
-0.01560105548487536	0.1392189248388026
-0.04013949455144507	0.14460303523091
-0.06568383227955776	0.1460631892307732
-0.08636051426122526	0.1396349447118805
-0.1011482193179864	0.1318621070078635
-0.04078175984850359	-0.1317955312107343
0.007597326795064128	-0.09409105902182177
0.02524094876962644	-0.1020545329649583
0.04003642352197027	-0.09297178088323088
0.06249374164531919	-0.1179931734999815
0.04563267622234703	-0.1440932717538034
0.02399630417690418	-0.1465860034894592
0.003327323532667522	-0.1517043527275611
-0.01012802641880362	0.06713872926170644
-0.009507250252360657	0.005566752012168277
-0.02438744097744519	-0.01792506263787747
-0.02555501238309765	-0.04935735646968679
0.0117748442171826	-0.05219677150933193
0.03043201738803222	-0.05492640324191577
0.04716991812968707	-0.04978493204593806
0.05413404869152836	-0.03541626724095135
0.05234564262499124	-0.005276583479313044
0.04462982038745335	0.01965808017523752
0.0273250050704136	0.08525801921517633
