-0.135752401094282	-0.03050943855870062
-0.1296710545414722	-0.07327645603950381
-0.120641070211058	-0.1212148254336276
-0.1057432650304115	-0.1743079633124176
-0.07859038095319025	-0.2178004810327703
-0.04810916229573903	-0.2476486492171356
0.001224492778577464	-0.2558646831420326
0.05122950665408001	-0.2452046111958414
0.08423888824815969	-0.2147338825293957
0.1112194230249228	-0.1678880562810349
0.1283573658125126	-0.1185041328438821
0.1379054707509364	-0.06916324308840888
0.1464052352882396	-0.02371939432187383
0.1009596933343016	0.09664522594885309
0.08726324438118062	0.1095376188998743
0.07361097701969163	0.1146481908862652
0.05515229754864585	0.1093553077484967
0.03969382019565424	0.08981230903105725
0.05629474458543372	0.07953039489369847
0.07771675043858284	0.07705798235980574
0.09229792915271422	0.0797348043764195
-0.1004414076638082	0.09161073227613162
-0.08886043106773114	0.1085376698724164
-0.07330620739903076	0.1112200163896603
-0.05966863840439329	0.108703407412296
-0.03718521443184296	0.09067281958810665
-0.06047235849870304	0.07886744511780688
-0.07312211665750921	0.07879562562314646
-0.09065191378895128	0.08129014597671605
0.03750471132278637	0.1326014344959488
0.05690696201195401	0.14308772910299
0.07243906589920156	0.14966099076451
0.08508885301624257	0.149732810423582
0.09877793847123191	0.1381373699366333
-0.04426907024213936	0.1386222382027061
-0.06379653160473725	0.1501845310830318
-0.08132630937588557	0.1526790418934641
-0.09981443378955528	0.1525740748469847
-0.1094566548519797	0.1369551099222093
-0.05254901992691203	-0.1169371990887824
-0.01086212461121444	-0.0894631577810764
-0.0001069399011943343	-0.09848121879726048
0.01636880260897811	-0.08671451632460596
0.05936749877995768	-0.1188958255011459
0.02152865927855063	-0.1385658895964083
0.00304789863703186	-0.1399678573706852
-0.0173937180689065	-0.1387868729098427
-0.016662598040772	0.07522514566207582
-0.02602500118704445	0.0103211087027483
-0.04345170753611674	-0.005342023981282892
-0.04426276217032333	-0.03388103364728795
-0.02085780005081099	-0.04282726540645914
-0.004271631889548883	-0.05051522651635932
0.01319186359478905	-0.04133696249729744
0.03946446347795012	-0.04118779878813116
0.04222166593776439	-0.01263773979204283
0.02851048965955707	0.00284861600359349
0.01933321337563189	0.0767265075540657
