-0.1252819814205742	-0.02746722196192182
-0.1159557448964217	-0.08195263591054498
-0.105668269641362	-0.1388483131001929
-0.08841623025813769	-0.1798049262009451
-0.06569691498777301	-0.2206489761744844
-0.03231815919394482	-0.2479079301777316
0.006002695685729411	-0.2495490156653511
0.04333731244691936	-0.2475652571732925
0.07462950560662537	-0.2177596305412082
0.09587340088017129	-0.1869458589043231
0.1150697607129748	-0.1452387668654731
0.1293599907542139	-0.08662194397195509
0.1371967071620662	-0.02449285830439168
0.09467768391947243	0.0924918959482703
0.08255689714551778	0.1056079068674443
0.06595500951455671	0.1149865003376851
0.04975329717464831	0.1049324749856213
0.03744649612925706	0.08280809867340895
0.04941728274986838	0.07697931890215891
0.06867770401763593	0.07130063398793375
0.08672690030960009	0.08017764909366086
-0.09394290292290358	0.08860816495427408
-0.08609212236629037	0.1057805628323899
-0.07161277458622944	0.1109388962058065
-0.0541247061253026	0.1027936086626806
-0.03646161175030128	0.08614654594817371
-0.05453578804859038	0.07848404867886859
-0.07083754052919219	0.07328821880188477
-0.08731436300320437	0.07659410893042805
0.03174006980472792	0.1385830773286097
0.05325904828086683	0.1560369238873212
0.07226944844973092	0.1625036117330786
0.09254113396895181	0.1519855207372988
0.1120016609606654	0.1365905267841591
-0.04391541068922718	0.1382403950988418
-0.06362601357346019	0.1657807878128801
-0.08291148771958849	0.1726740161922055
-0.1028080596792086	0.1649740226054521
-0.1106588667950947	0.14780159705135
-0.04605352220193881	-0.1121047161145546
-0.013850130560151	-0.0822803729609808
0.0009042821579642614	-0.09048195599876585
0.0198896740861602	-0.08280069663968397
0.05703833025281611	-0.1160572971446684
0.01655896641407916	-0.1424068932228973
-0.0007040067190099992	-0.1451924594866185
-0.01902823141995103	-0.1407095755150879
-0.0207959655099783	0.07796373441161314
-0.02577403221503565	0.009818185172800677
-0.03643347422745056	-0.003766838483812473
-0.04400917139535183	-0.03429917047931191
-0.01923142290510049	-0.04229437127402821
-2.099780682249285e-05	-0.04554402125988515
0.01438330903400336	-0.03674206411083181
0.03718858939590135	-0.03748753156402375
0.03744962652815314	-0.005890768480512048
0.02155891207762218	0.01322289742125242
0.01461620752669091	0.08476813763992534
