-0.1396227160601179	-0.05274505301653668
-0.1314428365441233	-0.09654858343506477
-0.1173895596142194	-0.1467477010270769
-0.0947366421462376	-0.1852454023550836
-0.06924270123301712	-0.2172613900678425
-0.03509940215804431	-0.2426078585182363
0.004677486289425646	-0.2500894037526374
0.04339474603459515	-0.2385399607553091
0.07306749745751664	-0.2132733027934454
0.09881534272657493	-0.1730064975915913
0.1172082024584907	-0.1381057219989433
0.1318521333617375	-0.09620825284580768
0.1388257000164245	-0.05225488341208755
0.1019970931306622	0.09291299595163957
0.08831375829278958	0.1056849136603083
0.07274485080946298	0.1132753534598688
0.05731633362173738	0.1066692499574263
0.0351991945622593	0.09096202024300147
0.04983806759648365	0.07949024304254805
0.07115274809983789	0.07841019948853757
0.09049267505654757	0.08118281032535297
-0.1003586090501861	0.08962212472274179
-0.09178451096513929	0.1039047663153784
-0.07346390511129793	0.1118301806121215
-0.05493922201279262	0.09910609708406702
-0.0353952179063602	0.08122921970132448
-0.05470960278980362	0.07587542195683596
-0.07697980199420716	0.07565529637679497
-0.08577079115689351	0.08331270241197938
0.03183516869018153	0.1373946298559599
0.04811712301787027	0.1556256221618989
0.07902526094021531	0.1636754363308408
0.105270604793922	0.1536091248024056
0.1289045249300765	0.1138304531573276
-0.03307721533891021	0.1406251795129803
-0.06331045110280743	0.1622685458541799
-0.09626990136503706	0.1658149282531927
-0.114564994151213	0.1553083459744319
-0.1306811413579124	0.1202996606455392
-0.04804403897055391	-0.1086314694497326
-0.01156869192035623	-0.07600295800817938
-0.0008284336528546443	-0.08493183095686942
0.01653662487410128	-0.07830660528948026
0.05457985616810464	-0.106326349622415
0.01903445711985378	-0.135073524517546
0.0006373402141463498	-0.1352553673467359
-0.01874079885503629	-0.1341562112330182
-0.01602980641288001	0.08142063345558007
-0.02126540129875408	0.02328655013706162
-0.03845187624835027	-0.001407024393703775
-0.03231059053213019	-0.03490498583862843
-0.0148944669741795	-0.03344214378170759
0.002572644203202965	-0.03714162846334749
0.01708395075980597	-0.03570745049083815
0.03550660973877977	-0.03810679456932146
0.04001625712039607	-0.004503555986791525
0.02426881465555416	0.02115517551941424
0.02268826018265942	0.08309403054724093
