-0.1420432830120975	-0.04006269832081922
-0.1287133231192088	-0.08905423703332971
-0.1192532907880922	-0.1393180492404084
-0.0933473240378711	-0.1844965741820729
-0.07029333048402468	-0.2180730665377554
-0.04238769617808195	-0.2465177396234167
0.003968725716835974	-0.2518554288122858
0.0397695029592881	-0.2391208718680806
0.07368966809807649	-0.2135004357748355
0.09608802226670007	-0.1698038608053579
0.1203825255188342	-0.1351298031046144
0.1370044511371712	-0.08625863565034991
0.1401203774707172	-0.03218187657203981
0.100042449284507	0.0928997517599196
0.08270280206699621	0.105847858794217
0.06629308957671456	0.1097773127417374
0.04790448031737689	0.1021241883885486
0.0352870565250786	0.08800863659093304
0.05458495440186699	0.081491852970473
0.0739035562042288	0.0801264006825806
0.08743543478926713	0.08135982226674168
-0.1028677542898914	0.09113959311329314
-0.09122689668183466	0.1026833769726936
-0.07478612866915066	0.1064808289702928
-0.06032435354120912	0.09869563596017787
-0.04011200044794013	0.07929682755690039
-0.06235507673489873	0.07423484940524448
-0.07877511237637423	0.07558865194782051
-0.09422378638583274	0.07822643523790115
0.02677248685574076	0.1331172918145097
0.06456775570141254	0.1612978749700292
0.09353277116197507	0.1560301130453902
0.1147630496742221	0.1495055629152119
0.1262486198545324	0.1224147595799161
-0.03411297826487181	0.129498469309298
-0.05719284172697153	0.156635900495235
-0.08520717072728036	0.1580363117192455
-0.1103539985966649	0.1516981864605486
-0.1298020272334701	0.1208681798542354
-0.06209280789077466	-0.1009125068553487
-0.006926817251548602	-0.07795315361986078
0.0007871967560743123	-0.08184765833143214
0.01337867384772684	-0.07417119614919709
0.06741284948303128	-0.09241813110848449
0.0275713389396362	-0.1489230352991476
0.005328253299205526	-0.1539849559046615
-0.02075366631183466	-0.1525923113059347
-0.02078301825641745	0.0805069593505976
-0.02488068684227261	0.02257057793557303
-0.04042773220229394	0.0007397986919643238
-0.03957540762356541	-0.02759614333468565
-0.0164179050280238	-0.03541622818869512
-1.339735961976456e-05	-0.04063353641914939
0.01644289851057022	-0.03297260748748201
0.03769905674680505	-0.03305803897881664
0.04460733887055789	0.002973714084704407
0.03018693271604365	0.02106143572959518
0.02077349331091687	0.08291562119273636
