-0.101152057414548	-0.0185574446455604
-0.08996266442309095	-0.08298358904735707
-0.08015904224021374	-0.1238097422197274
-0.06769924498196377	-0.176484061641453
-0.05298736274745883	-0.2174305692010793
-0.02722064079236634	-0.248174428046942
-0.001729706716095802	-0.2501087302381855
0.04162352875162086	-0.2446257092992521
0.0825451077932966	-0.2181354817092047
0.12562250669213	-0.1838429029217338
0.1591400286936844	-0.1388420694692823
0.1779327885836779	-0.09348023176070355
0.1871656117156166	-0.03741019638251573
0.1017042277052225	0.08251507848925617
0.07941491361051389	0.09484460624739889
0.06184140513640277	0.09920316823384054
0.04803408841834953	0.09692331370200112
0.03606171637849503	0.08936155513929391
0.04856656485023747	0.07858116541176061
0.06211721201368187	0.07039359162562957
0.07985117815025616	0.07257718112079688
-0.08575968781083432	0.08842106577405648
-0.0806589153776702	0.0961513018625189
-0.06878279489836149	0.09978775532996273
-0.05219093696454091	0.09545324469719119
-0.03582363639331747	0.08195970435580786
-0.05260802594591514	0.07844363472844045
-0.069424470933937	0.07361909689292671
-0.08208974809288963	0.07785732468448781
0.0165057521741616	0.1330453128789343
0.03773007373669419	0.1574000534423707
0.07807417191278115	0.16033842053045
0.1081525390742143	0.145199488053716
0.1330659457438882	0.119713414196533
-0.03849898845976057	0.1330848472724423
-0.05847206088270909	0.1597590052589114
-0.08690795607907967	0.1617654714879609
-0.1028069181542469	0.1543000154812724
-0.1036731800501052	0.1189723572660122
-0.05618227456573811	-0.1073778632879503
-0.03388002216589991	-0.0791218891752961
-0.0193797796588055	-0.08864197278523117
-0.006425778464954607	-0.08110434300272465
0.03995572164026605	-0.112353682638347
-0.004860420260200223	-0.1374390997958293
-0.02949804096132166	-0.1407626604973632
-0.04707154824151423	-0.1364040498208605
-0.02169548106051723	0.0973239124511957
-0.03361660286933867	0.05179357678570248
-0.04816184718351315	0.01941975872156374
-0.0527622456387888	-0.007961024505281498
-0.03966075286893881	-0.03446668596753839
-0.02591757408671738	-0.03480367949353055
-0.006348662555593186	-0.03790196481519428
0.01220652519527775	-0.04228459834768138
0.02482055283954843	-0.008554219822419608
0.008677837889824114	0.01409831055917563
0.01325907124109502	0.08075615785662672
