-0.2110763151886168	-0.06924755383780466
-0.2011450681304889	-0.1216038528753093
-0.171617371119113	-0.1729688713307736
-0.1368616767431642	-0.2035386371478416
-0.1000230916065057	-0.2263121326185703
-0.04758673018512929	-0.2532501434529529
0.001393884660547347	-0.251424291514144
0.04094178576608987	-0.2272636351882436
0.05454298434928303	-0.172674139464098
0.06718625163044242	-0.1167644690295556
0.07589353402093157	-0.06209664688869568
0.08058128990495897	-0.01388918643554806
0.08214480219878555	0.02262388644057256
0.07421284727206072	0.07755802103870747
0.07338028039707291	0.08670587760006064
0.06657057220874407	0.08942471741074443
0.05382556664688045	0.08832381542109193
0.03708191716658864	0.0820671558573975
0.04961809809146065	0.07012209438615785
0.05936410719936006	0.06735624396737315
0.06815224435001156	0.06591063529281314
-0.09122148468544149	0.07890116338099454
-0.07056272210511019	0.08509513493561913
-0.0519033487509479	0.08871127248379369
-0.04213639926440944	0.08724999611774144
-0.03349449770976251	0.07667220812737906
-0.04730178801362398	0.07036853702307551
-0.0610673128305823	0.06667409356506619
-0.07472842517362674	0.06950264154697938
0.04672623654116695	0.1341100731064124
0.05984713730918574	0.1586937810203796
0.07259208508044387	0.15979471307097
0.08421216877819371	0.1517790917064016
0.09256172520860907	0.1229369333545238
-0.00898054627580957	0.1402214869870277
-0.03122097082167761	0.1575416265233463
-0.07228789661522279	0.1608088452374356
-0.09690352791760237	0.1520683435996452
-0.1218323679795479	0.1237588380474031
-0.02869224234099067	-0.1126198806551926
0.01595840037133773	-0.07549153873773154
0.02753666079157881	-0.08611635768765616
0.04038608915850508	-0.07849242557559262
0.05460829582002669	-0.1074286156302391
0.04140393344329987	-0.1372306925394312
0.02072428874118907	-0.1447292390792966
-0.001724961374178985	-0.1404551212607296
-0.008941514016065692	0.08149890713363467
-0.00203012642556441	0.02397126097266267
-0.01619241917181671	-0.004510582969273187
-0.01190409492372639	-0.04242223449289962
0.01656399200511536	-0.03765823304977258
0.0331405234567869	-0.04183834720607429
0.04303276784985493	-0.03547203772801008
0.05792321530801721	-0.02266102236839681
0.0632556635181564	0.004657191959820212
0.05484341093167523	0.0295855484572532
0.03123013919236737	0.08346575299134829
