-0.141573513179192	-0.05617565440527401
-0.1371182545048603	-0.1034817199753328
-0.1246023211930439	-0.1454257856582388
-0.1030930880034668	-0.1835644483941843
-0.07175995016894496	-0.2184774319080706
-0.03265773116801773	-0.2481609682674311
0.00536276102729847	-0.2544780140096776
0.0491323260679367	-0.2399939569991782
0.07916264074650872	-0.2035001064727438
0.1052785495327662	-0.1631289931091303
0.118681338408904	-0.1332037501772445
0.1287909622374674	-0.09680161046049435
0.1329378118384839	-0.05594801261909214
0.09826237769214544	0.09132804867144244
0.08845546368348771	0.1055654571303383
0.06992927156040725	0.1093754283728554
0.05437925186353867	0.1015133599612359
0.0349446625492238	0.09103657750215792
0.05350073904102532	0.08073467791368617
0.07007869349297853	0.07691576731657512
0.08566457446789867	0.07698751398244637
-0.09851550355342285	0.09172063969176374
-0.08493759986386258	0.1047672748386385
-0.06840151254456932	0.1100370695903671
-0.052755843372251	0.09712493066353441
-0.04002656826993187	0.08290098440666549
-0.0575487329638693	0.08022348259685211
-0.07118041868483868	0.07886228179681513
-0.08776433098651316	0.0839796438622073
0.03472949483643089	0.1377785176399023
0.05607048350104194	0.1573529835888769
0.08041747102554773	0.1587634716076087
0.1008978677989347	0.1536641042549302
0.1215097077720143	0.1200001881801627
-0.03150453702597862	0.1361752298331919
-0.05597703902366516	0.1620308679245796
-0.09106322605887825	0.1657646083512897
-0.1134261146342051	0.1565727379414034
-0.1346893458983439	0.1201192450312895
-0.0537477701575956	-0.1106260249412398
-0.01007383526590006	-0.07536776050332201
0.002625574927653926	-0.08309980731503087
0.01524131849866295	-0.07265444311767943
0.05437934070915466	-0.1101282821631792
0.02137888858218856	-0.1362485054948798
0.001920391808483096	-0.1415317530077967
-0.02050821364627054	-0.1364413248762632
-0.01373132388124063	0.08432044085871793
-0.02415376794738889	0.02065012825023741
-0.03864002046743285	-0.006683270039071076
-0.03169896971559839	-0.03320324509096725
-0.01125114368177119	-0.03122711055264234
0.004340714069030637	-0.03245372829680423
0.01601218941853415	-0.02850477677327514
0.02826667407211948	-0.03480921137508079
0.04127355095463892	-0.01410590912623502
0.02647050438150465	0.02737522379719344
0.02230507929504805	0.0857847195725875
