-0.1329991523645922	-0.07518266023470623
-0.1261264947257178	-0.1172186943968591
-0.1122169721277741	-0.1693297984637521
-0.08934723290010872	-0.2020738715771149
-0.06342115812939449	-0.2263154336772059
-0.03917080082993149	-0.2455820767505692
0.00296111127329168	-0.2543913758602301
0.04303869239615808	-0.242229605945126
0.07256102193507041	-0.2149552281566513
0.09286979132099195	-0.1873676019633494
0.1108737396222877	-0.1461773135680297
0.1229737854498624	-0.1158516358900675
0.1261525360060801	-0.0766163550346551
0.09464240431591152	0.08182859285680602
0.08500854230328093	0.09690989396475252
0.06503091998347818	0.1061954501657114
0.05284456488446011	0.1004623582741857
0.03952801846038376	0.08862026362025512
0.05025032891913181	0.07841987898405328
0.06206092392804435	0.0731004346925124
0.07772399682406024	0.07256792725844911
-0.08983763444261124	0.08195306042072741
-0.08188225223239887	0.09889535227342063
-0.06969586971381071	0.104628443232746
-0.05424155256151285	0.09795563385704262
-0.03438923896210782	0.0849858855597015
-0.05323386316933607	0.07333173247605876
-0.06893868746268234	0.07263617220990874
-0.08099981672147978	0.07058725693165346
0.03315640252317609	0.1453930361339142
0.04764478168062755	0.164572195839408
0.07729517219904741	0.1684820646815166
0.0989484391819815	0.1542216010795547
0.1167103942784786	0.1068974445636635
-0.02878323757503549	0.1413514382619226
-0.0555889316185624	0.1668523924858975
-0.08775290903738325	0.1704048567953306
-0.1060101895469568	0.1488949114266309
-0.1158054325696189	0.1049665721681177
-0.04890236813175951	-0.0977134640329507
-0.01762366105241101	-0.04590913830112311
-0.0002848795142670734	-0.05141655531132367
0.01290635787867814	-0.04325866189363209
0.04922066950416808	-0.08752510235721359
0.02594190313061208	-0.1482077714432844
0.003620616897726654	-0.1535962996461692
-0.02016766034666306	-0.1478696607876259
-0.0111048126927691	0.09157114727780524
-0.01909910108896799	0.04635212927409812
-0.03626521714200754	0.002674409717185095
-0.02968761755357256	-0.02090940488990145
-0.009292537031806351	-0.017914309643896
0.001680225728850028	-0.02074632277384369
0.01018120782557587	-0.01488793691643753
0.02932095281930606	-0.02168604212242223
0.03882396285875825	0.01364580402268384
0.02152408023114523	0.04743000233377175
0.01737373688461941	0.0881439787986536
