-0.1442730010061422	-0.06464361169737967
-0.134537845398163	-0.1087125674353699
-0.1184927175580013	-0.1476483003737732
-0.09859400769738025	-0.1913917913934534
-0.07555148672803877	-0.2177755509339812
-0.03868899762425649	-0.2424840038351788
0.002968071034330617	-0.2436158491953232
0.04346462818202657	-0.2373880639066335
0.08047952541202925	-0.2090814824367671
0.1062491958288918	-0.176203693367797
0.118396023943064	-0.1511589223960081
0.1315627252047251	-0.1001927429594662
0.1366109804586776	-0.05565046217217801
0.09584488496653636	0.09097973809473767
0.08508984528461673	0.10912734006864
0.06733743227219585	0.1147229234031501
0.05001880705799541	0.106771686379581
0.0347452016599195	0.0927219116678981
0.04799607955293372	0.08328378020962499
0.06767527543700906	0.07528428546110914
0.08422768281726854	0.07827985083905212
-0.0973417142395343	0.08726001549222896
-0.08873298203880572	0.1072603667384741
-0.06852416253751127	0.1116058290315624
-0.05169571499538295	0.105980662808106
-0.03724485896727017	0.08795138175699788
-0.04998314149212942	0.08137956836955228
-0.06742011070444466	0.07712286244168705
-0.08312742287685586	0.07661995655766743
0.02786081360564452	0.1344165119706876
0.05479099553339827	0.1599346703908237
0.07973793491167308	0.1607334042839242
0.1021495975386299	0.1540541691544032
0.1196089034231428	0.12872447851994
-0.02785282480902884	0.1412622807998933
-0.05242782434008363	0.1577346039249892
-0.08496359322031076	0.1628568639709652
-0.1041696157058433	0.1560779709478169
-0.1261645826499964	0.1208554726120234
-0.05592236844522458	-0.1086611131529454
-0.009707275438118676	-0.07882713772771666
0.001656256656161094	-0.0870928134365538
0.01516080284339928	-0.07556532693617843
0.05695855246575957	-0.1099781091200427
0.03079458631772213	-0.1305405317347394
0.008619506687574805	-0.1312505181348436
-0.01644572316199249	-0.1283546733430383
-0.01772342193945869	0.08487803963151463
-0.02595486121523844	0.02420748508386833
-0.04179754944981723	-0.0009556724378313394
-0.04169631677887641	-0.03300508973062903
-0.02313826543020573	-0.0348765126651295
-0.001887169601726269	-0.03419610974089282
0.01843999741921093	-0.03354528853175978
0.03507126589622717	-0.03301280005225454
0.03974755321897555	-0.005741558832169397
0.02521781981695544	0.01475073437064175
0.01557861060314741	0.08471145269846811
