-0.1523204560575206	0.004421398073082916
-0.1461087435605176	-0.05779932458349135
-0.1289641132648189	-0.1002242029939643
-0.1039736821546243	-0.1530167875041314
-0.08007308103803398	-0.1895423446809529
-0.04850834298298241	-0.2337244840506678
-0.001760918517171962	-0.2605494084838678
0.0504890432856069	-0.2475171856454015
0.09260475581951097	-0.2052071255106709
0.1229881729043199	-0.1555130827253756
0.1398776993200162	-0.102638018374393
0.1503925839204539	-0.04610502451655685
0.1526804086475774	0.01123843952084444
0.1074762254278001	0.09127194145045042
0.09501739143682211	0.1095006403833245
0.07320566444566659	0.1148476977995173
0.05340988770423817	0.1053514211958764
0.03553935268287368	0.08236742133060346
0.05540789052479162	0.07552854155671017
0.07611185356171282	0.07146891608563889
0.09378269724209279	0.08218447874208706
-0.1028498284844389	0.08943606210310293
-0.08877496656168372	0.1080807049292407
-0.0701959197874699	0.1052404173076174
-0.05134443601829024	0.09833333854272074
-0.03657909183538492	0.07617416303322165
-0.05248834299941296	0.06966160181749757
-0.07070409899782168	0.06707958847704595
-0.0906634576998131	0.07527409175198363
0.0296729162893531	0.1241862422295474
0.06298052707356944	0.1454811034206033
0.09330989676182823	0.1502363942640406
0.1141046160695549	0.144821201770196
0.122676966866728	0.1236087598861862
-0.0390131855860311	0.1277546291407485
-0.07459128325099251	0.1403493849077424
-0.1056471423881591	0.1464388339041195
-0.1310729599894984	0.1447354150560067
-0.1351771404594817	0.1145036549543303
-0.07219192770483709	-0.09369736898964047
-0.01745380863243732	-0.08730679843124066
-0.001562581553777075	-0.09577384877594969
0.01554528536735987	-0.09190435106760399
0.07081032226338894	-0.1086269292689232
0.02916676630457078	-0.1427353110434686
0.0006898247633291815	-0.1446431418837009
-0.0274965978674749	-0.1356381078954285
-0.0176367905857138	0.0679115112120884
-0.02771564884532672	-0.01037901263583733
-0.04453305738979567	-0.003335649571176958
-0.05112539512939994	-0.02692575739278687
-0.03238273545182196	-0.04745683295420122
0.000325910260268712	-0.06296724568765437
0.02224650840825183	-0.05469025248293956
0.04055307044635743	-0.05346379269671771
0.04743592106293626	-0.01896088125628902
0.03534036104942233	-0.006154535082130605
0.01906721488434051	0.06900881133898615
