-0.09242360566156253	0.01887973776068988
-0.08505291996222328	-0.0309514908715675
-0.07370014159788807	-0.09135093532066701
-0.05941693270683217	-0.1501334489064073
-0.03903910391889092	-0.2083900258545893
-0.02088140550587045	-0.2409224319326174
0.004314887199272966	-0.2482958030902813
0.04064873617813231	-0.2424320241691837
0.08382335711546413	-0.2209740334397804
0.1227822731910591	-0.1862400718740327
0.155412837125976	-0.1493243124384755
0.1891401465541781	-0.1014020576693635
0.2018961227052664	-0.02391808427863655
0.09187064362153687	0.07706871823578851
0.07636460841974954	0.0907342939581392
0.05702921830261003	0.1013413984583686
0.03671390321517336	0.09958808060298016
0.02479429831629129	0.08355552881961324
0.03951826995800114	0.06709448919501823
0.06065152378731486	0.05937052760995242
0.07971737005644021	0.06374398765843774
-0.08501598092824376	0.1109058770060122
-0.07860669874063982	0.1196429550455415
-0.06684904375348687	0.1138377371070319
-0.0477473415856997	0.1059384419971368
-0.04001684855328646	0.08750987013574386
-0.05060604538018534	0.07977606301465572
-0.06685827729735179	0.07837341046963546
-0.07795073006327477	0.0883279041439204
0.003903969969069554	0.1240360790561266
0.04043564092222797	0.1394648028756254
0.07067493568042203	0.1448025899186875
0.09383969600717655	0.1372538970518761
0.1205550001496488	0.1122799510151345
-0.05582836324323621	0.1284287485316365
-0.07137026094149594	0.1543670382371567
-0.09671929277622217	0.1753669948002246
-0.1055106333584025	0.1705162994954804
-0.1005578921814758	0.1368442061474531
-0.04702067892946003	-0.10405217571134
-0.02525807304941294	-0.09535405515064767
-0.01869609341773105	-0.1002436676286628
-0.006506914441660506	-0.09919167778507497
0.04220472209648649	-0.1181752890200947
0.01223503077500997	-0.1384936253176085
-0.01046236546872178	-0.1363605319483278
-0.03440921349721152	-0.1316073761274368
-0.03435379331023596	0.08117871729896645
-0.04425110024423928	0.02985717066374213
-0.05441799619034245	-0.006483876229342562
-0.05208103071687367	-0.03356179013757779
-0.03895707145350991	-0.0433410150936083
-0.02540155710240895	-0.04626303973499702
0.01186707216374362	-0.05123047561351789
0.02413722149230563	-0.0392596063820101
0.02394863306187146	-0.01336022464301468
-0.004528643806418825	-0.003542112742887531
0.002015931720068122	0.07476974280097409
