-0.1770277624177198	-0.03300979226524351
-0.1669137808443731	-0.08952579540643499
-0.1453997055030428	-0.1378214046738138
-0.1207745553774995	-0.1833742520082756
-0.09196190055969304	-0.2151686483992765
-0.05281490206588829	-0.2470033758107305
0.0008863115790952133	-0.2568552767614825
0.04335405729207002	-0.2322264316784024
0.07246778108968309	-0.186883368280825
0.0954453250961708	-0.1249865894781825
0.108099235797827	-0.06029456691740866
0.1134438564117889	-0.0148587314809802
0.1156773817381083	0.0278343421025484
0.09732814840285474	0.09264729665448627
0.08809706156134291	0.11059053169349
0.07363968057440579	0.1134019181515262
0.05397207085876407	0.1052137892541101
0.03528955561652695	0.08462459738307708
0.05178693696527403	0.07491781710411449
0.07553991322191554	0.07069271207979924
0.09106301354569322	0.07614205063605456
-0.1021686022986076	0.08240607960627362
-0.08867475139870755	0.09750561179223625
-0.06385073151481638	0.1029186523900752
-0.04733185738167145	0.09872176906841364
-0.03292279602555117	0.08351329114849969
-0.0526065224564963	0.07119281897389582
-0.06812963303198891	0.06574348045764908
-0.08773272410773182	0.07408485774123431
0.03339469827794915	0.128711162352335
0.06240622277408644	0.1478826333902053
0.08935630538259011	0.1684396010916584
0.1048255975576617	0.1601143769597353
0.1129963306396611	0.1352879091162728
-0.01623188971229485	0.1233949782739921
-0.04198723664768389	0.1441576352599866
-0.06986320920840462	0.1511537955618507
-0.09774456772985773	0.1567724944890437
-0.1237149113506044	0.122436930557273
-0.05336986969624179	-0.12440582026312
-0.006773741598429622	-0.101170538327773
0.007662136632454596	-0.1094917499410977
0.02320673975229375	-0.09853257597783902
0.05724034368163542	-0.1165726058260071
0.02406280711759832	-0.1439926718568969
0.003388610904316647	-0.1452894399554145
-0.01830823774343672	-0.1438273137528428
-0.01027316890883845	0.06138527221399558
-0.01363154589108803	-0.004720478924720843
-0.03431643197210701	-0.00877215984093409
-0.0365338300913568	-0.04733282867699441
-0.01072472646587846	-0.05432097403334213
0.01302287416176257	-0.05992351996890719
0.04096874075133127	-0.04901279468880926
0.0451992508356744	-0.02423472418991608
0.03907925948184791	-0.003548676039438179
0.0329323895429255	0.01025005478592721
0.02595095475469988	0.0750186451353497
