-0.1422063832549419	-0.05942412323836593
-0.1306847790508988	-0.1224176129833461
-0.1155660791594853	-0.1643946673302514
-0.09659924313419335	-0.1915135197685287
-0.07606199346963106	-0.2162201819465913
-0.04404997292528227	-0.2377141553460774
0.001887581595505737	-0.2464226290692395
0.05029943897993367	-0.2354775123085011
0.08413682679979431	-0.2010839839361353
0.1090044449533826	-0.1670445425340935
0.1261810499722973	-0.1385811493194072
0.1348044911228749	-0.09925023921489601
0.1406783535617771	-0.06132078020704411
0.1015854690361461	0.08611426698224615
0.0875109541001947	0.1039759479431788
0.06950375546798156	0.1105472566032557
0.05281136545616501	0.1059526210365933
0.03533474470443716	0.09014230234143977
0.05029292075253557	0.07929978718701843
0.07141546506773105	0.07420194516348852
0.08187722741341046	0.07584959688302105
-0.09595134702636306	0.09122896648340241
-0.08890335929099738	0.103992804433597
-0.07434308542035414	0.1099365105360047
-0.05755121174744417	0.1103345779598495
-0.03488179339325669	0.08427882565811259
-0.05570585598586697	0.07678698481553443
-0.0734808952539566	0.07356631923439202
-0.08410848468793218	0.07891295419993136
0.02367918040005195	0.1388533850479628
0.05053488300827731	0.1576853247077629
0.08517484103772584	0.1582236397022615
0.1064233279149946	0.147813100719128
0.1196804617129764	0.120134575572496
-0.02872914671595079	0.134811714674651
-0.05024959320860149	0.1566957779550097
-0.08098331603179849	0.1685639643249549
-0.1116421881776206	0.1639844950485266
-0.1252161758121915	0.1297251061006706
-0.05017958093498209	-0.1120333165435417
-0.01112791242832899	-0.07611657468992737
-0.004665156877779035	-0.08296155541345319
0.01402678957365812	-0.07412064403513001
0.05781869969458914	-0.1052742187724676
0.02266649210295632	-0.1285017719319873
-0.00462029480729517	-0.1291486313106335
-0.02469331993594065	-0.1240258990142884
-0.01500776706650896	0.08754923931796646
-0.02289461877737525	0.02157926229296392
-0.04443653621577538	7.396846519856586e-05
-0.03845952844854161	-0.03057643030777434
-0.01940284161588517	-0.03712285984641158
-0.00146202805475313	-0.04089645095144234
0.01214824127654034	-0.03917419211329196
0.03405496304278931	-0.03305630018749271
0.03637444042423181	0.001989669947717464
0.02436574132694104	0.02129993743654952
0.01959233841003122	0.08976911354543061
