-0.1472519751365948	-0.02370537019171609
-0.1410445335131283	-0.06507555913115429
-0.1283063408736766	-0.1155182402189522
-0.1075877854751318	-0.1641970583025043
-0.08017681780127095	-0.2057995498256214
-0.0417665299226733	-0.2454797617579701
0.006376177753059264	-0.2590936998253653
0.05175271293159758	-0.2392271232826224
0.08968347854257128	-0.1928506215610256
0.1172693015381089	-0.1416369123293051
0.129759941132918	-0.0912153668825558
0.1329615405576846	-0.05607661451926066
0.1389005671636946	-0.01541406773984319
0.09545078147532168	0.08183801884832501
0.08800495829689152	0.1083478210892019
0.07047488393292031	0.1154980935441572
0.04803295007527607	0.1008701281762531
0.03291691468462738	0.08124647409946531
0.05037667005430432	0.07543752691461644
0.07408561465525942	0.06592149378806499
0.08695687929727076	0.07063201869757814
-0.09982866226039251	0.09176569130843537
-0.08759092583713624	0.1085482693233436
-0.06573300170777834	0.115075444905412
-0.04785091835880868	0.1012184777327483
-0.03471899907522897	0.08173220335335318
-0.05535942938012027	0.07123384221937785
-0.07333275097418768	0.06760059078873708
-0.08777347692246362	0.0735679182956567
0.03815210667985625	0.1353223498637892
0.06541453780034917	0.1542384080279022
0.09490088083991444	0.169236044646234
0.1096935243555183	0.1565620476554144
0.1193632011272816	0.1261337907768252
-0.0314261598337399	0.1343611443712707
-0.06475531263045946	0.1541325888658062
-0.09557898750312914	0.1646203159436123
-0.1143475164455711	0.1569102579302462
-0.1309834347546516	0.1277916165219097
-0.05758095258762722	-0.1171868377302445
-0.01169077236929613	-0.08787803841522494
0.001229972927107427	-0.1033403984240181
0.01569158029011052	-0.09047622408460231
0.05346842138472951	-0.118084408669239
0.02496753516189103	-0.1518607873187794
0.002687302495153599	-0.1503399318823894
-0.0246950570038979	-0.147741806634251
-0.01812485200687216	0.07318781059646232
-0.0252527942112213	-0.002507918477651503
-0.03711769381634605	-0.007165622103049155
-0.04153676657591645	-0.03833319784958166
-0.01775743100490973	-0.04919059251069145
-0.001444833642866488	-0.05236961846862614
0.01343911273007298	-0.04755348355893833
0.03370667469652618	-0.0491799684374163
0.04079285669079533	-0.01114729297044296
0.0259298216812651	0.002868075537829011
0.01817381067303003	0.07374760928101612
