-0.1420720834758299	-0.03346055942393646
-0.1347142986637425	-0.07426952549540951
-0.1172947905557171	-0.1338298449609436
-0.09342056774890108	-0.1815481316185217
-0.06315153818975087	-0.2259150450109392
-0.03146468335562947	-0.2499134123071997
0.00417640640470926	-0.255259292236087
0.04377165664526011	-0.2419526842728183
0.07325731985583399	-0.2166873440532963
0.09520558693673054	-0.1760848962031032
0.1133792587854364	-0.1286630123360207
0.1265160692587704	-0.07271459676602948
0.1319479537202574	-0.02520289386357278
0.1047419852128045	0.09216567551070867
0.08699930381428053	0.1058764590402365
0.06538614322327044	0.1128216793757176
0.05128639171639225	0.1010335749627167
0.03973499184111619	0.08922746955899738
0.05879978218902301	0.08230025034543066
0.07918664386972329	0.08215653987571248
0.09069016185864383	0.08717008941307408
-0.09919825857658184	0.08341400551817861
-0.09265977923189656	0.1071429065993596
-0.07352318528913704	0.1104044329118943
-0.06081730910349195	0.1052202272204412
-0.04692104514351279	0.08814013431289733
-0.05969874373230532	0.0831355666921927
-0.07116635051965214	0.08321640381090986
-0.08518229058949102	0.08331520456614749
0.0310790859779628	0.1266492094070782
0.04775113959496374	0.1418156232670687
0.09113306696231024	0.1500008984962985
0.1088877185864311	0.1379882190367953
0.1201757694315072	0.1124354579434349
-0.02753307272413944	0.127062376523734
-0.04396569954422019	0.145858565055075
-0.09740935046989599	0.1564246059969036
-0.1179278773599456	0.137888883152484
-0.1282649298734096	0.1175831729875321
-0.06353990897587702	-0.1002445007623371
-0.01748994403653553	-0.0750958599911124
-0.0009974465585987215	-0.0854013980230172
0.0194132998043896	-0.08214889065334877
0.06652199635207508	-0.08757560770095306
0.04061945758114338	-0.1468304775158737
0.0009284533328168167	-0.1737221321372014
-0.02447132874727852	-0.1616556073785204
-0.01751920247893544	0.1015185973470305
-0.0231665544778538	0.02344052797934801
-0.0386003199538596	0.003170764026927517
-0.04012589744505327	-0.0324809419062701
-0.0223113379400737	-0.03600297112872854
0.0005281123866914172	-0.04974968265287324
0.0235829743507864	-0.03293003662395599
0.03761091256347426	-0.03133073350596251
0.03661205121939924	0.007735218977798881
0.02652635863664564	0.02309023414809541
0.01815774264847318	0.101267104467809
