-0.07903145944893514	-0.01735247806018415
-0.07000730930201456	-0.06276931364893744
-0.0623928249328282	-0.1114485323901906
-0.05095632120631823	-0.1586492504118823
-0.03835435528809764	-0.2075728193419676
-0.02062798707689126	-0.2284299038481074
0.005556448466524597	-0.2297125104343636
0.03946633147771328	-0.2263763408373542
0.07378322424450003	-0.2147314327769333
0.1224669107461069	-0.190464389998964
0.1536943011736086	-0.1653423306529989
0.1932984001726451	-0.1223074792979442
0.2093487040345987	-0.04980142013752627
0.09583471841502932	0.08235457893170224
0.07786418259720096	0.09822641848633422
0.05956800069113246	0.1074513056583742
0.04460546739580431	0.1081842236439403
0.02991305489184181	0.08891513520561345
0.04454996629559282	0.0815351997547073
0.06059659168528057	0.07741769986418616
0.07572192204381738	0.08000828672720026
-0.07948655229202409	0.1009368199284191
-0.07883536626950023	0.1142307937909103
-0.0660410193932017	0.1202669940834246
-0.05414202346967611	0.1080240302001355
-0.03999349147281227	0.09067363439562234
-0.05270644093266183	0.08629916376148319
-0.06384694308792774	0.08851063665874426
-0.07374057697473016	0.09066097875355901
0.008013129564578803	0.126633969330736
0.0251993217218639	0.1457809309754111
0.05170933094865448	0.1511452894466098
0.09112103988324706	0.139220372025127
0.1158402634629496	0.1080263697338145
-0.04327162077060916	0.1258146265792048
-0.04752654887614114	0.141014626988894
-0.06666261152236601	0.1586093023616224
-0.08403748795273128	0.1611261296531628
-0.0889176935357488	0.1380449252680025
-0.05342048830748732	-0.1068908332632998
-0.0437969838723544	-0.08903915938179356
-0.02799456206869028	-0.09814189333320807
-0.01262503723049583	-0.09056607196323847
0.04158636240438657	-0.1065474099885569
0.009870553468161231	-0.1416399825420764
-0.01438989281225533	-0.1521117833790517
-0.04024873378319183	-0.144182157989269
-0.02961147773306056	0.09849376176078058
-0.05205893981239708	0.02296963365729299
-0.06325493663788127	-0.001467972418936669
-0.05881130604653716	-0.03833176265696546
-0.04674953993283872	-0.04725121124712193
-0.03335948081512993	-0.05457006231953582
-0.01408651876012032	-0.04385396593192411
0.004535227276894793	-0.04643189670681299
0.01421425057890891	-0.001931208934563882
-0.002346662316642146	0.01720307064107433
0.004975490293262183	0.09013666562761909
