-0.211811041525519	-0.06707553519572949
-0.1876678309260079	-0.1161265255625876
-0.1609898113829193	-0.1567172279800635
-0.1241603892478524	-0.1888439063571787
-0.07463985362604907	-0.2141971108506815
-0.02385727733040178	-0.2243233443554894
0.01930459715936011	-0.2259942404871924
0.04849931260901025	-0.2209046093519871
0.0561060559316993	-0.2005990580038249
0.05735912354100433	-0.1667620919864448
0.06749653055613146	-0.1295371607005026
0.07509511318632282	-0.09231345312599654
0.08142014303775458	-0.04663132567911526
0.08261974884671251	0.09717385493687643
0.07626678350457337	0.1090134678388743
0.06102935820448573	0.1174651710407515
0.04580021414451962	0.1089986717190059
0.03946203818643518	0.09038558491988795
0.05215975255574414	0.08362450604405801
0.0673921831660117	0.08532369653026013
0.07500802007835065	0.08701925290827037
-0.09890633701122947	0.08862659333909247
-0.0862176605775809	0.1004754538334556
-0.06464289023827738	0.1123286854951954
-0.04940628656338313	0.1055687840065075
-0.03670447328974168	0.0903485945774426
-0.04939478369811212	0.08188332824279806
-0.06843560385320914	0.08018228820840601
-0.08366974260299512	0.08186668257473975
0.03310332139590157	0.114067958152809
0.04451680173286568	0.1377589810133618
0.061011282274632	0.1546851703062486
0.07751486567721066	0.153001364633486
0.08514137457647514	0.1327032298718237
-0.006255158238850931	0.1258915975207812
-0.01896272294287663	0.1529545101961198
-0.0735503466240876	0.1563116224288593
-0.1065459456748423	0.1359937965845177
-0.1281124996946738	0.1072224087234496
-0.05183836355374048	-0.1143687577337514
0.0128900093018633	-0.08726821040442716
0.03320684716533051	-0.09910110663592694
0.04843522522707756	-0.08894280557397681
0.06113781376559787	-0.1058547874675815
0.04591770767280989	-0.1329312910576568
0.02307431431941482	-0.1464769409396439
-0.001048383292652213	-0.1397213457201959
-0.00623461741090433	0.08359614675990434
0.001411619948768033	0.02269439076854433
-0.01127294831388827	0.00238642899661091
-0.0125210212018556	-0.04160149560698515
0.01286782522803249	-0.04158916548833416
0.03952941208715156	-0.04834346279552908
0.05602471426761901	-0.03310910302931873
0.06490260112946682	-0.0161865849292735
0.06107783455465757	0.01764791503285857
0.04329501183206674	0.03963288239811276
0.02676843195660084	0.08868762741628418
