-0.1383531393188745	-0.07146410252578901
-0.1344077701886019	-0.1114548803455891
-0.1217388734226055	-0.1516732177125117
-0.1002598302839511	-0.1887972932101645
-0.07241973318351291	-0.22110122100634
-0.03035149796437909	-0.2338322972438563
0.006948389919955642	-0.2381290267146863
0.04459484408701064	-0.2291388098883115
0.07244474515538048	-0.2132450995953433
0.09806212598341017	-0.1873212010526397
0.1164187616546908	-0.1528980034917981
0.1231739472185443	-0.1127153360248524
0.133582348394962	-0.06858377285575429
0.09790467915849202	0.09356036273977546
0.08458608099839689	0.1088656740592146
0.06344371707378196	0.1110790143933494
0.04818590203742565	0.09984293813261476
0.03915917463003456	0.0884443831847247
0.05527340441641872	0.08470014214389804
0.07392338033269927	0.08255178112852035
0.09016748519901581	0.0837901597483144
-0.1029963258015923	0.08882756619468413
-0.09147719218276047	0.100161141349109
-0.07368362191495442	0.1129930973979384
-0.05396070363646174	0.1041687590915105
-0.03694676373994372	0.0871050981610202
-0.05692957732844436	0.08596421914697876
-0.07450656513739276	0.08143661078608902
-0.09191031998220066	0.08355247232847278
0.03774956096856585	0.1300310498941726
0.04583325726253594	0.1530881917427638
0.08704506024059791	0.1553374605861766
0.1055650978407819	0.1482064997747632
0.1210296271824836	0.1195492690926663
-0.03079244323602807	0.1318185168738245
-0.05261800714963683	0.1556556448875021
-0.09993096735535009	0.1585515002724007
-0.1140725087378836	0.1423003249799905
-0.1221995090188048	0.1175823041599624
-0.05946142837456628	-0.1067614020915976
-0.01759987920670182	-0.07959913569213174
0.004788696687832699	-0.08184497526190643
0.01871367452667723	-0.07389812082748465
0.05798630613624407	-0.0981902407510163
0.03468810741971382	-0.1308225983293657
0.008214320231147307	-0.141766207112522
-0.01662338424312004	-0.13779447165957
-0.01932644463938457	0.09329358478128447
-0.01968279739899234	0.03180897261556821
-0.03640339705051034	0.01230107496983923
-0.03720793227560671	-0.01854954068295208
-0.02048635877592473	-0.02657540478051549
0.00342239587751414	-0.03859743891992886
0.02218739297808181	-0.02958571210930804
0.03993379946303329	-0.02531179173824612
0.04073219813518943	0.00530351235790166
0.02745691163947404	0.02226964780210444
0.02313157869808784	0.0955103268470435
