-0.170471675557316	-0.07406682091580515
-0.1635084282176658	-0.1145150816426937
-0.1566027330585476	-0.1586827491956693
-0.1389229086447908	-0.2044776915636904
-0.1049492204492586	-0.2346976880763668
-0.05442940887312571	-0.2518998615341862
-0.007672244253841227	-0.2481805256080625
0.04508695541278921	-0.2149386421406157
0.07323472188420974	-0.1689113180079959
0.09514097752271235	-0.1112609268489204
0.1059855679046487	-0.07058021598077348
0.1153959650139706	-0.02827224251572907
0.1265504092688595	0.01357080601322538
0.0947586106070209	0.09051554951263788
0.08142593773508966	0.09655954185669097
0.06859793802539373	0.09748941432987832
0.05590721638094506	0.08842342878974822
0.0411626461944315	0.07866005359664613
0.05742119954486251	0.0730809676775408
0.07429949005738758	0.06982649364709968
0.08606068640576732	0.07540556770441656
-0.09910875770542497	0.0675021052242899
-0.08343461723810408	0.08075235211263659
-0.06787551251320623	0.08656386897384309
-0.05448530764134562	0.08423924250955497
-0.03341946786771018	0.06866430487012616
-0.05159463898572381	0.06355017426004096
-0.06945997353172424	0.05959838592281672
-0.08259783403245241	0.0593658947837872
0.05165279078735086	0.1530476870720908
0.07472800368150899	0.1730393497684277
0.09920217438002132	0.170249790761955
0.1149208710027746	0.1486308517716437
0.1216892944410888	0.1144590312754892
-0.01451888894345332	0.1395649990760601
-0.04044952349483997	0.161416406987498
-0.07699470001506291	0.1574646165615241
-0.1055543710332557	0.1414248111012585
-0.1246145291664818	0.09795455083384991
-0.08594294031739041	-0.1003350317803886
-0.0265748612458996	-0.07383450718677172
0.002569235344289583	-0.07662405644695083
0.03450198106485956	-0.06895290931386885
0.07385805249158743	-0.07197492806881109
0.04249679399153893	-0.1370640843276438
0.002910674151710903	-0.1489195781034366
-0.04097803069165042	-0.1558933382973821
-0.008130771281283186	0.06192288983778442
-0.008006434458654151	0.01333847084193761
-0.03152878967387171	0.002180359061572545
-0.04594125501413883	-0.02385526881720604
-0.01815155026364827	-0.03873284972460098
0.01231177536651643	-0.05058840140656055
0.04180094746175914	-0.03106170580283777
0.05410204782858147	-0.009442809811413684
0.0514061661663904	0.004969818781002718
0.03807350655698195	0.01101382611996863
0.02866673749482252	0.06331762148133871
