-0.1358644064372439	-0.06621221317765494
-0.1310295603780502	-0.1074279485521634
-0.1171549393485673	-0.1484334337741494
-0.09282907323156434	-0.1943618208241678
-0.06874339955850503	-0.229963807875243
-0.03323529425728972	-0.2566900493098385
0.008249452239054112	-0.2626132894743916
0.04909372883381358	-0.240999295255291
0.07698408400961618	-0.2179645371885188
0.1045942375516063	-0.1828822820415396
0.1192504130856792	-0.1463792643629948
0.1326151258930343	-0.1099063297974288
0.1389920776493315	-0.05860005824962333
0.1020640210314503	0.09257990755387745
0.09016125737539978	0.1043571235867782
0.07333308661647825	0.1056877545637004
0.05521351849323976	0.1069883322575817
0.04132838155884005	0.09288936956505994
0.05440245096330692	0.08630541164009416
0.07256204735875195	0.08328372787215776
0.08672737671482171	0.08533518383362788
-0.1045591747399214	0.08777441087404003
-0.09446817620562306	0.09834112417874212
-0.07662882879853482	0.1090880525578594
-0.06101199140218318	0.1042852412525773
-0.045195054319091	0.09087706846649601
-0.06057168874325033	0.08535343283471909
-0.07606844351649265	0.08499302023276964
-0.08894236563804993	0.08297159891070473
0.02644262204586609	0.1218172774454238
0.0427104073033943	0.1445816882250847
0.08528638436010565	0.1472939084463814
0.1024748029883551	0.1304736057477641
0.1186520267635042	0.101575714959925
-0.03049885051281151	0.1256589800709855
-0.04123028955745892	0.1426294546505232
-0.0788808790323393	0.1503638473409831
-0.109674212782083	0.1410376341166132
-0.1167821496583551	0.1133202399313986
-0.06767113519187096	-0.1093984298117098
-0.02214157989188975	-0.06701136411878977
-2.776293420972365e-05	-0.07338511027525987
0.008931947376279217	-0.06973270478293843
0.06663391565133907	-0.1062748575839984
0.02558950076646133	-0.1192834534737305
0.003715821857274899	-0.1232362029472439
-0.0181578191065869	-0.1271889609748465
-0.01815579297126849	0.09494992710639528
-0.02353202872753553	0.0483307306288965
-0.04492536793214232	0.02372509517730093
-0.04638739187734102	-0.02452508547045437
-0.02697642463497722	-0.02579568533324175
-0.002319849774958959	-0.03038825679489902
0.02068510639108627	-0.01952113370790217
0.03888473127808885	-0.02426393298138724
0.04563241962697989	0.01894316122000263
0.0205355131554955	0.04246756873594525
0.02191747222154282	0.09415991415499309
