-0.1387425817934274	-0.06401413133117419
-0.1334345683724529	-0.1007975394022281
-0.1129266976091248	-0.1542018367913308
-0.08622999639783503	-0.1958414816475141
-0.05711205271421291	-0.2257455865142117
-0.02422650313604232	-0.2556205236632454
0.005966227026407712	-0.2620826069124065
0.03724672197890676	-0.2467763160559445
0.05971017790388909	-0.2281905313652844
0.08583783950202722	-0.196185771829118
0.1131308556045899	-0.1524550666086414
0.1328109506831394	-0.09874023263521511
0.1399970141586336	-0.05349107474746913
0.1012085357716521	0.0901591906565896
0.09358275446861254	0.101817123768178
0.07343700229200575	0.1083568043687876
0.05085710235412119	0.1048346389192167
0.04092648611595046	0.08969338500049445
0.05604873575413578	0.08311487810160874
0.0711321767415759	0.08155758989310918
0.08617682735155813	0.08502152968882336
-0.09970561980319001	0.08525903624453311
-0.09105675693067987	0.1037380557952071
-0.07352625336656801	0.1105688739080542
-0.05336759561752128	0.1023554626798176
-0.04066656996576003	0.08404139758903262
-0.05442944886592071	0.07723969230311387
-0.07198584640713103	0.07375637149597999
-0.08956811012570402	0.07362051151885839
0.02816084991151822	0.1163761209357126
0.041794369912509	0.1399151943636348
0.08445535644184655	0.1452663496317876
0.1058699104095246	0.1370626520166461
0.1173667999262421	0.1120439243491212
-0.03341584062161757	0.1209218483692652
-0.05244797925361659	0.1458823228666922
-0.09267478119160735	0.1505929955880534
-0.1064117939144054	0.1404438294721225
-0.1200195028413901	0.1135573039610267
-0.08717411569874606	-0.07365866605972278
-0.01571854156565931	-0.05636818122620683
0.00440131649210183	-0.05956034617694229
0.01942009196526173	-0.05274897313833088
0.08484198735027562	-0.06730797037673905
0.0301396207010984	-0.1397056965215564
0.005086773027155999	-0.1482684250554848
-0.02003072167515842	-0.1484625105447158
-0.01942014657618087	0.09759625040145328
-0.0265286021348859	0.04230468257830286
-0.04891451420589509	0.01367646911196203
-0.04616996193933395	-0.01643137065249847
-0.02730595388543361	-0.01963329472236315
-0.004635549276032353	-0.02782731576709958
0.02418493180869996	-0.01923541930288647
0.04426601797491125	-0.0174063744518218
0.04776199182271513	0.01777119590203926
0.02245052766855987	0.04268314939924491
0.0195766527659091	0.0895284126216862
