-0.2062927179590694	-0.07046771074475687
-0.1767856815077026	-0.1343110288160257
-0.1387571167869565	-0.1809768429323584
-0.1049413455326042	-0.210759656636709
-0.06996992380702657	-0.2354215520226761
-0.02639839117691219	-0.2463002322951145
0.02079713895374102	-0.2486048124938862
0.04348347815860462	-0.2378918789960948
0.05331771078078733	-0.2223820462869428
0.05893914843097281	-0.1899891480635786
0.06579477419155152	-0.1558696865408995
0.07376683068639894	-0.1149322397186946
0.08150334388278289	-0.06381192164037112
0.07152528860684465	0.09217757088480127
0.06484411934983673	0.1056074260975161
0.05330470803472682	0.1087366445476878
0.03933617050269095	0.1067155677598413
0.03579061441184109	0.09474725002102313
0.04243253495550561	0.08301450764578487
0.05389344776849787	0.08327956137215917
0.06408092375775348	0.08351516463669494
-0.0812867861297599	0.08864352342236806
-0.07121711358804937	0.09397052901104633
-0.05478020198608903	0.09944482540070883
-0.04324079024080663	0.09631558834989998
-0.03540394175127282	0.08800661489955303
-0.04925472104683946	0.0808940789102215
-0.05944220633641371	0.08065847543059955
-0.07090311914940596	0.08039342170422525
0.03265500167585543	0.1201454043719189
0.04480061157881331	0.1458969917356602
0.05876914846559059	0.1479180964244625
0.07408955622125067	0.146574349991998
0.07702892280948502	0.129661871432308
-0.01334559099352365	0.1258737444103494
-0.02774587039475028	0.1425211692436653
-0.06737935356308135	0.1483967691709175
-0.09137831406313957	0.1393515367556419
-0.109851839910455	0.1117555474741293
-0.04752342019893847	-0.1041529206942917
0.007565676579504364	-0.06212575377827061
0.02296463842410756	-0.06686376179644524
0.03438631160898888	-0.06490158571718965
0.06067923639207987	-0.09995245866037959
0.04204870445529644	-0.1207599131042049
0.02557255128944941	-0.1245370034381186
0.003963412706148288	-0.1267348383687354
-0.006232679867325086	0.09377538757647248
-0.002586890786830159	0.04631441142067218
-0.02113886906484275	0.02211271399177381
-0.01876645170585416	-0.02537771112026166
0.01295161872333667	-0.01955003902526849
0.03344432786288627	-0.02417024519608905
0.05366228305224816	-0.01691050361424411
0.06218383793206612	0.0002670567878622484
0.05507092616060898	0.032365441522695
0.04321752105211413	0.04907173937873201
0.02675881808528375	0.09963250991821788
