-0.137057325122705	-0.06923108457319274
-0.1284308785814383	-0.1143753848444491
-0.1138239440837303	-0.1591287148059452
-0.09513441619378553	-0.1952791214398295
-0.06570301222684972	-0.2254202865568735
-0.02824111345742055	-0.2452814467111355
0.006881987927903596	-0.2511823576498758
0.04261003317306353	-0.2449195732963275
0.06793895301142698	-0.227032929727259
0.08874824075149824	-0.2023329203712237
0.1091438492214397	-0.1696818427581633
0.1293298612932773	-0.1193868302339152
0.1400612163256361	-0.04678931434001927
0.1011194013373618	0.09833363762206011
0.08302384273998513	0.1073821751818822
0.06482687212018323	0.1112146451402356
0.04642713536464257	0.104615016896261
0.03699060533947747	0.08914436631517991
0.05257835536415953	0.08536259684710812
0.06953826180008775	0.08503285832697732
0.0813135794960905	0.08654325034976131
-0.1092611526577771	0.08503041017715957
-0.0933691751676104	0.09689689133884569
-0.07490180131906633	0.1069739228361179
-0.05924644297069074	0.1066695476490606
-0.04131993385923484	0.08892752017842988
-0.05978730770777888	0.07885048868115772
-0.07681486057948572	0.07570283366125827
-0.09243640458963215	0.07774593915165119
0.03127883694314712	0.1309997205626395
0.05252448928927678	0.149719484127065
0.09303503148770259	0.1524105487085449
0.1083861537688025	0.1364579707170821
0.1117929281092674	0.1103015199495557
-0.02505611253383688	0.1199195698414722
-0.04291501387733735	0.1411389630090535
-0.08452737558392405	0.1489053892880233
-0.1069086227381285	0.1389044331798341
-0.1177849741106228	0.1165043870653376
-0.06333673053036902	-0.1037119821784737
-0.01291637293882766	-0.06120858382872001
0.001400557399093493	-0.06322626752118954
0.01187124125535216	-0.06169051049811763
0.06986887010184918	-0.09934437955724949
0.02647866541173817	-0.115894272947153
0.005402042939748586	-0.1259205748143417
-0.01811476951223667	-0.1272026763819266
-0.01773549384226743	0.09368702518455853
-0.02122362772751994	0.04853182887940892
-0.03999523745809368	0.02280660410575236
-0.04221256136985264	-0.02411268731777467
-0.01869574873262139	-0.02283057622216848
0.004652035141946107	-0.03024186965567158
0.02178101909212076	-0.02187814740479575
0.04265482704728111	-0.0222839809257902
0.03961988682878	0.02299802900031709
0.02299796391696186	0.04071469239689005
0.0226736654735351	0.09116205019289554
