-0.1282452782113082	-0.0805996699177664
-0.1256350389328915	-0.1167867766662744
-0.108554362387779	-0.1632553828895875
-0.08743835573596902	-0.1983556986985978
-0.06228706525552519	-0.2220877676784913
-0.02975313167544411	-0.2460410768566009
0.00583136998815401	-0.2503900553109124
0.03309765216970207	-0.2446418940824745
0.06459573581554374	-0.2209660515788995
0.09112297587654969	-0.1987826018901085
0.1093811001421979	-0.1648621868652403
0.1266053420717624	-0.1243455117140043
0.1394483151659773	-0.06564309758752906
0.09357028427101292	0.08837378132005717
0.08254545067115572	0.09034547994233343
0.06901058951758499	0.09075107094628043
0.05660794603633364	0.0878401212510863
0.04543569138619845	0.08489227425423275
0.05523009041545146	0.08295744732107967
0.06497534109567531	0.07938280506736259
0.07614754101999753	0.08233062672096796
-0.09158550761145791	0.07422649677090758
-0.077804955399238	0.08202009182140699
-0.06535314451915661	0.08657089224388945
-0.05427917047944414	0.08623904515676473
-0.04335261668214636	0.08098767940948497
-0.05457401096427349	0.07640000783645447
-0.06820714293407872	0.07352593144611029
-0.0793302394409965	0.07221792645950785
0.03219373852602549	0.1361697750840058
0.04887743938721105	0.1586482091571232
0.0823450084412361	0.165851882255609
0.09937463059699941	0.1587763054504096
0.1121723899999213	0.133773103173037
-0.03902440497173818	0.1432278894438021
-0.06077923276377428	0.1570102880633652
-0.08647106431259713	0.16270411596514
-0.1004972994050046	0.1467113076319316
-0.1123575148273579	0.1208057188694541
-0.08271896545450409	-0.08196392941681314
-0.02026326895632695	-0.05265054156003367
-0.003037086118293711	-0.05316674816992633
0.007002977010633582	-0.04690238824076962
0.07886188417281882	-0.07367541325429774
0.02782608435537071	-0.1328746141448938
0.004054571623764569	-0.1452927794165218
-0.01809334949668548	-0.1446290860501357
-0.017169384235512	0.09169225003700229
-0.02228576817355379	0.04424752159022347
-0.04635209443101442	0.02199031819042196
-0.04876190100441202	-0.01732899507770757
-0.0255309565694475	-0.02294907906265989
0.0002591735624479656	-0.0253632134190319
0.02029019667218596	-0.01447430124139652
0.04002640760250827	-0.0134243822603099
0.04233792457915821	0.02261523719312908
0.02461840838259418	0.04776590879292062
0.02589605039375877	0.09040173418549007
