-0.1379204587963039	-0.08910993066160899
-0.1357754154537271	-0.1259433985081163
-0.1219319979669612	-0.1650950114313903
-0.0939414983479476	-0.2101819071205648
-0.06074986073587899	-0.2292867508218628
-0.02468505151130361	-0.2432844274338699
0.002724362536336037	-0.2463669349336646
0.03866837769180332	-0.2358726822510211
0.06718138197831014	-0.2162717972296643
0.09316077343637241	-0.1947987268970249
0.1180006485748232	-0.169772136866487
0.1274690936598683	-0.1370017674050076
0.1361376446284867	-0.09369840433146476
0.09407534205531047	0.09374247360619599
0.08288629812831808	0.1065298777000584
0.06219293249850612	0.1127836592078012
0.04605743527608099	0.1048236494538341
0.02835807590154687	0.09169271470494353
0.04111104074771979	0.08407626150050214
0.06066488633627972	0.08137592319538282
0.07802473685492636	0.08752734976191914
-0.0994033927956747	0.08216752383542139
-0.08537708560871644	0.1007241694337616
-0.06924158978190666	0.1086841505020005
-0.0496028239507827	0.1077286871490468
-0.03752900019079638	0.08615324275138223
-0.0521854493922631	0.0816192970467355
-0.06806624372365735	0.07889390537858638
-0.08525631112863218	0.07623223150761174
0.03005590564265023	0.1265902129748331
0.04948897628592078	0.1483818030339543
0.09294899413832917	0.1515143906927083
0.1081506856311743	0.1402807893068137
0.1159571880852103	0.1119169322816574
-0.02877555766534199	0.1312014821727058
-0.04346789072046722	0.1529043316181712
-0.0883220272545657	0.1480905448351478
-0.1061911974980897	0.1314698779101296
-0.1165444520322671	0.107487531024249
-0.06143861792245742	-0.1085719953755558
-0.01087400640742829	-0.0673069554242219
0.005976497561433441	-0.0716247295729146
0.01662030782854657	-0.06864460616525959
0.05994636904948532	-0.09523856356094865
0.02425702809932074	-0.100498196762159
0.005587921304886741	-0.1065859542714779
-0.01544501871856308	-0.1073116490039253
-0.01345312177375605	0.09547591557054863
-0.02360068112008004	0.04874651527259326
-0.04223390406085552	0.01642196261316237
-0.04108331761357872	-0.01387719601327102
-0.01880128241113823	-0.0144511413490969
-0.0008991830278465532	-0.02032132367726155
0.01916705174239396	-0.0162983731032894
0.04051473237925955	-0.009102064102483116
0.04346168505467152	0.02449577357969909
0.02606600851902767	0.04458114893395353
0.01788405598398944	0.09220229571809833
