-0.1452944321446908	-0.03001682722801414
-0.1384950677466338	-0.07895406340019109
-0.1291351155241524	-0.1333778706815609
-0.112564600926906	-0.1717467310087801
-0.07748139465690289	-0.2268695132558907
-0.03779732362887565	-0.2622551731368943
0.002720240883341875	-0.2669674739403783
0.03545790305093571	-0.2588287956342449
0.07139350538421683	-0.2327205046588982
0.1024040213552257	-0.1884219838115517
0.1279500924033631	-0.1457805599706702
0.1457652083979243	-0.08848391522657094
0.1511505389044848	-0.03987772286540282
0.09013686581475387	0.1080377269902967
0.07674540057249253	0.1138185547866886
0.05919437661693504	0.1161011176947067
0.03994623731231856	0.1057902688583253
0.0299299345170661	0.08620029955495086
0.04878584683160717	0.08207664786625025
0.06503211150502575	0.08163519002143249
0.08287730590464694	0.09017850992296582
-0.1001871404931884	0.08431898280914223
-0.08620733301941974	0.1001899700701196
-0.06971595530055116	0.1087701067584228
-0.04960424356933232	0.1010010096050644
-0.03530021664072377	0.07894456552670874
-0.05174255646760922	0.07216872753984163
-0.06793979179331777	0.07441453379303778
-0.08147833250429561	0.0747824149721512
0.03381433198016427	0.129430313722048
0.04924605276866251	0.1488731206123886
0.08198365561033658	0.1570118005305781
0.1087175476655239	0.143645826461052
0.1241303276677014	0.1125309697194255
-0.0327696770210475	0.1222113382293603
-0.05263621664957278	0.13900201841613
-0.0837258205980452	0.1416524734656191
-0.1069864933915359	0.1332562780385627
-0.1252729842169077	0.1084740905029667
-0.05799926149364941	-0.1082261313874738
-0.009829907931841176	-0.0806446354973185
0.0008538135726727254	-0.08635188609065389
0.01594233591277756	-0.07953926097997664
0.06975326903327933	-0.09364102599598537
0.03265993452301354	-0.1124952243968599
0.01621756637654854	-0.1192710121394326
-0.01231141954718758	-0.1221071092298581
-0.02001558174594743	0.09297440629314047
-0.02564605415488963	0.03534664986783952
-0.04659122116306583	0.0124423374307077
-0.04766984639330839	-0.0272525760919677
-0.0208379175674158	-0.03700993190861115
-0.00343392044833658	-0.04470547244024774
0.02403537915074543	-0.03100669445410341
0.0459912226424962	-0.02076942174607437
0.048325650513529	0.01528016496378255
0.02831199532832204	0.02665787983267152
0.01919715453923427	0.09010322232124246
