-0.07666639661367228	-0.06454360749352235
-0.06900873712410539	-0.1027137332680208
-0.05722312788561433	-0.1477443120795829
-0.04694876953432401	-0.1858382546318287
-0.03949398877683977	-0.2170337761979446
-0.02434135588082444	-0.2427699002311208
-0.005872462382278504	-0.2474679890296774
0.02814431962495227	-0.2464783619000138
0.05929078492335567	-0.2368465700550755
0.08751623734456847	-0.2168290310927417
0.1246463995543438	-0.1878267071886787
0.1863813330698528	-0.1493829044989116
0.2064418270344517	-0.07375867005093992
0.07964299252153972	0.09881072051555026
0.06635669658245109	0.1054047168819781
0.0543787410749591	0.1120367854710827
0.0387294276720743	0.1098363672864133
0.02620403593408091	0.09027555083375281
0.04079867258275008	0.08371961713476839
0.05639725976165332	0.08766366466377164
0.06807085264356197	0.09149355369009439
-0.07312816471936691	0.08389546948233548
-0.06689083251832882	0.0945477114912984
-0.05542017625586793	0.105352222168566
-0.04369584592684145	0.1074384247971416
-0.036697619079941	0.09193585370903205
-0.04162661057139856	0.08132167436751278
-0.05460854416288774	0.07745372267374639
-0.06507525072906624	0.07714922189016502
0.01562531440123943	0.1388314701118917
0.02966195480256242	0.1514557267470991
0.0687598990858659	0.1578285875758996
0.08994695706312196	0.1497192993708843
0.1157184493114007	0.1190566917020078
-0.03504475064957596	0.1251414430136031
-0.04732706767071568	0.1422354309972033
-0.07087716222223374	0.1415503040951533
-0.07691155780382407	0.1239234404352455
-0.07917314953946852	0.1116416994748985
-0.05184815594742521	-0.1074498743448364
-0.04093546726661183	-0.07746517249942524
-0.02780135111140342	-0.07882824261192055
-0.01758830850058987	-0.06980545261212893
0.04230144825850091	-0.1029657387822221
-0.002232766816873758	-0.1025162277959005
-0.0216549413971018	-0.1100617703480343
-0.03091474281506827	-0.1068408727776737
-0.03030810570510312	0.09735712168789773
-0.0432794700024985	0.04811610445139133
-0.05585558740850563	0.03029889823259875
-0.05594647983962393	-0.01158691845469072
-0.04250800383867117	-0.02341185063028426
-0.02660503492371876	-0.02992976016074047
-0.01775105163712169	-0.01920133631944464
0.01375053201049704	-0.02177515926601428
0.02184361304188621	0.01510801050773976
0.004378687238152859	0.03030614797688206
0.006274601719672834	0.1001665408837622
