-0.192417637318144	-0.08543479110714404
-0.1820488379208019	-0.1255454723874927
-0.1560031800273033	-0.1726641090146384
-0.1207626675233998	-0.2023752538608456
-0.07505197053788831	-0.2286250181796772
-0.03063684024181018	-0.2496430474060382
0.01513870847289526	-0.2480066745132082
0.03607905860077846	-0.2410837988020676
0.05312453139452074	-0.2219516400047667
0.06103184332097445	-0.1958266816044727
0.07027536784678569	-0.1575045535585237
0.07821113183907732	-0.1191793924047275
0.08617932633813481	-0.06691121996218445
0.07089173101084932	0.1074135487480424
0.06044588610689151	0.1144094194850927
0.04606465193946432	0.1161857828710227
0.03558636684441634	0.1092385850355745
0.0316265901594329	0.09356178832715403
0.04337614052580304	0.08481998061482866
0.05777365210585926	0.09001515615731659
0.06562825839222748	0.09348267944167984
-0.08217264656214562	0.08336920955586066
-0.07168221553353979	0.09554504263007126
-0.05597289801096027	0.1024800411993835
-0.04158755148867446	0.1024465719965566
-0.03246974218489145	0.08673933919315624
-0.04033656128400763	0.0780431712745857
-0.05341414729499559	0.07807359781856991
-0.0677954387683959	0.07984996133782928
0.02908812403889761	0.1266826173089477
0.03698332830244011	0.1475789690345798
0.0657823491832434	0.1597122050183213
0.07491232354479682	0.1492336169602358
0.07746296420743354	0.1213414040485489
-0.01669153700844503	0.12330335978401
-0.02449754032526169	0.1407504347162258
-0.06371402094559631	0.1478132532765963
-0.09250089589284173	0.1409086525316172
-0.1056311971615752	0.1182816153289057
-0.02900873309071001	-0.1119583941662831
0.01947153757109552	-0.07198468948428595
0.03253695852431308	-0.07724376077358483
0.04433111413954392	-0.06681385516809696
0.06780177249077073	-0.09649761606249808
0.0442500137395935	-0.1016714931708589
0.03116026267083513	-0.1068697113721895
0.01547122030379699	-0.1050902765633225
-0.01679696759060081	0.07798840363763181
-0.01297912610097238	0.03266435774092923
-0.03004075207773732	0.006560688379317293
-0.01965578981304784	-0.02657842505296867
0.007823362737995773	-0.01967081994201487
0.03003903320830804	-0.02669404591122011
0.04313689421928668	-0.01801010593399369
0.05491882760410309	-0.0128087876345182
0.05368817923417422	0.02030896990211709
0.04457441547272425	0.03775911614616222
0.02900296861228322	0.09008209454074897
