-0.1367143358606193	-0.08881142191369061
-0.1328171214222098	-0.1207895780915844
-0.1249335241589129	-0.1563319650657046
-0.1103651108502532	-0.1847917669677689
-0.08115585302339018	-0.2186252047530241
-0.04657757115030316	-0.2400442919989658
-0.001316936133480403	-0.2543933767746467
0.04267802924140836	-0.247427923770488
0.07339814233891742	-0.2244378185503653
0.1003120076492391	-0.2004146664487269
0.1255385981294692	-0.1695490582568487
0.1382283782106266	-0.132295371273303
0.145804826426021	-0.08081849790123606
0.08907546318657932	0.1004995477300474
0.07978135295930595	0.111184023604272
0.0598048894966866	0.1147984678130073
0.04379250937191773	0.1077451707077732
0.03574738069587333	0.09178748553108131
0.04771202326682743	0.08287051531587951
0.05971015867795912	0.08460875234941946
0.07705503823391084	0.09165786827042802
-0.1001849791645795	0.08688637453649446
-0.08681535704989057	0.1010514668572
-0.07347356768979643	0.1063372487548887
-0.05615100696222033	0.1062828931461994
-0.03888971337788592	0.086694039146017
-0.05224264758509029	0.07785651170593133
-0.06823269914974074	0.07790668609985833
-0.08021968971376231	0.07972019460871528
0.03053436446550845	0.1290973877432837
0.04526990099761467	0.1539135063727993
0.0852451174949268	0.153788070113151
0.101185046610762	0.1377550942114133
0.1131274580306368	0.1217346813869117
-0.03345938332252228	0.1186428684911908
-0.04004946839647391	0.1417500475414374
-0.08533239301590685	0.148995670427553
-0.1053701237133781	0.1330755870495665
-0.116091483715121	0.1135745092420166
-0.05015715898817739	-0.1068418793157749
-0.004740496783620087	-0.07146674059624217
0.007252066219224915	-0.07150437146802931
0.01259323798629488	-0.06796935075414477
0.06717025352219914	-0.0858994007946972
0.0311424614367243	-0.1017693389434486
0.009805636562562123	-0.1070300336136371
-0.002181363641592108	-0.1052164958790146
-0.01756402361909103	0.08840298824327189
-0.02705875003213566	0.03515629741020337
-0.0417609008343095	0.0209953669018479
-0.04056770172586847	-0.02340546328737565
-0.02723149441419367	-0.0198955200692485
0.004754219958755228	-0.01822003026915118
0.01408177436749188	-0.01824929874195048
0.04207000039239262	-0.01656119729751309
0.0474946997100858	0.01361178378904012
0.03023345487607605	0.03320066683176739
0.02105636497853009	0.08117829086391661
