-0.149990695237481	-0.07281603034632628
-0.1433589811882765	-0.11481121406415
-0.132075932163634	-0.1692345507289377
-0.1082923134403304	-0.2139027204779892
-0.07148122987265118	-0.231342768093477
-0.03422495738157305	-0.245926329566218
0.006065567977320607	-0.2551311482887909
0.03365580757137293	-0.2330983252275721
0.06383516838929251	-0.2085432449545943
0.08802777537260689	-0.1801292549416784
0.116508327437789	-0.1523835733081124
0.1313982173414246	-0.0991132128713553
0.1373178716041081	-0.06607848219011614
0.09137357013876143	0.1080458361525308
0.07841736488691983	0.1170218016174885
0.0628640096762445	0.1177064528840703
0.0444489073296071	0.1084018115672252
0.03670651043778644	0.09221629306702787
0.05555281427812719	0.08754003486789791
0.07290945347710773	0.09005277424527858
0.0826217258643928	0.09375684560816912
-0.09647202374351212	0.08340450806362648
-0.07471497851207161	0.09740595663362284
-0.05783855657190324	0.1052111656316782
-0.04562717216070995	0.09982971146222269
-0.03017188134954664	0.0817682341200897
-0.05060585199669367	0.07625663505974511
-0.0638756981054513	0.07484619659462886
-0.07661630188539494	0.07683171695404549
0.03541293882597091	0.1341589578999038
0.05233835792146214	0.1506525996934444
0.09373557006358701	0.1650716950089384
0.1071720018791336	0.1508032584732132
0.1198145226497792	0.1314409149384305
-0.03401360226035034	0.1241079788804106
-0.04204012048125333	0.1479686158670397
-0.07213737276507051	0.1474413982991683
-0.100264728889207	0.1344326827192475
-0.1200519029754607	0.1079497590972653
-0.06288615893930063	-0.111403616430694
-0.0142267814236757	-0.07550650217946389
0.004884110288900232	-0.07848478054345003
0.01714450611492473	-0.0751778327322843
0.0645003660675048	-0.08951473557763276
0.01923193789689874	-0.1120266112303189
0.008196598175782971	-0.1242204855783961
-0.011659130932797	-0.1176477409932803
-0.02358597768550799	0.07378500019511511
-0.03354333590738288	0.02663885669505278
-0.04945932332992699	0.008248708455647603
-0.04992000713189196	-0.0282029572456477
-0.0239095572431907	-0.02877803913994809
-0.000976476022227995	-0.0323519749168425
0.0182324751352446	-0.01795339784050602
0.04068532979250222	-0.01623486254663301
0.04395875282012084	0.0215176550878036
0.02670016436548169	0.03638171532138773
0.02031032581630872	0.07911862085300551
