-0.152356895418693	-0.08090909340120217
-0.1378978174503973	-0.1307620201324532
-0.1180103122977671	-0.162566708824026
-0.09615969327809165	-0.1988645336855326
-0.06781602197846956	-0.222076002757943
-0.03716913894615986	-0.2391919886764017
0.001398270262484496	-0.2465840901449821
0.04100497236959621	-0.2327457060276808
0.07721667003956074	-0.2128644976149076
0.09662322552089314	-0.1848655061272391
0.1187410778651918	-0.149038448165206
0.1292303248073875	-0.1164750313639134
0.1422900041413982	-0.07865031752906151
0.09381195451058558	0.0766053847585491
0.08936352543876507	0.09216497058128764
0.07503858208467927	0.1053567782416574
0.05978095240808219	0.1041982713412837
0.03731816716875075	0.09229305197579749
0.04986027803408642	0.08388983507697813
0.06779221871085465	0.07786543787857923
0.08213776604715781	0.07304597532262148
-0.1008771010458017	0.09024106076334554
-0.093671945461161	0.1009877821300094
-0.07659907019103591	0.1105141641891298
-0.05597216116638454	0.1056791900618299
-0.04074690903217303	0.09368121315117842
-0.05692248123402625	0.08415262286769161
-0.07127980210859132	0.08418795561858747
-0.08743477039394619	0.08303168373485913
0.03473510184040172	0.1365532669419292
0.05092241204003101	0.1508660138227569
0.07337636705447029	0.1591831069044053
0.09669524766051489	0.1543415346553159
0.1136415829981845	0.112438073941353
-0.03436550685615857	0.1343312189326197
-0.05316831340154889	0.1511221766336829
-0.08095917028737593	0.1619550216860796
-0.1025187122252313	0.152439681121198
-0.1169702488991736	0.1142016550414737
-0.06094449033461537	-0.09165676746432309
-0.008849085258505468	-0.0714521481082433
0.002807433897399724	-0.07506897341498273
0.02255759031715756	-0.07152943858982246
0.05662391327541647	-0.08476983784030792
0.02691183020662903	-0.1253624189151051
0.01075389172799996	-0.1277147654667484
-0.008087125621021164	-0.1264723165536987
-0.0201288568932547	0.08525813060886199
-0.02296211207292063	0.027854708189245
-0.03822268517241934	0.02550015325989121
-0.04370381406498133	-0.01395597717645028
-0.01682503958516726	-0.03076681838983206
0.002907509728394807	-0.03440356296843929
0.02175741970079182	-0.03205785014479048
0.04422602954078681	-0.01776050786334593
0.0380448058628542	0.02292036059188798
0.02549686169246073	0.02893153471061635
0.01755329372211039	0.08277331261194151
