-0.1977739505198501	-0.08065834221543183
-0.1742550618174722	-0.1327006516534023
-0.1371174162611545	-0.1832611999748505
-0.1148348547588622	-0.213597487884165
-0.08285332051824867	-0.2337782836101066
-0.03684887942769521	-0.2464983168060794
0.007515061979480875	-0.2434912657846337
0.04436280099413244	-0.2183536404245374
0.06245142137245987	-0.1907466006698774
0.0736862958002359	-0.1578711766515287
0.08981108745820622	-0.1193201494917737
0.1000600785113273	-0.07436562559265807
0.1032128176923077	-0.02773014223419094
0.08839120531971523	0.07297532276465743
0.0880519860355001	0.09462070526616385
0.07287359362684249	0.1100617780649375
0.05452665248810064	0.1052958503038508
0.03895986275011408	0.08832952319859078
0.04924047049485102	0.08042704590205604
0.06522726535417295	0.07694377231734718
0.07925809712192002	0.07119026079526022
-0.09446330983712593	0.08773947329398313
-0.07750642214973856	0.09860559922303641
-0.06030701735967153	0.1130590508574288
-0.04244511283288109	0.1106502916094004
-0.03273037444185437	0.09437731290201586
-0.04446609971875875	0.08075574757207168
-0.0626513617863008	0.07838138511389307
-0.08157210429122502	0.07845925729448829
0.0368106198899982	0.136524693251831
0.06412099993202336	0.1538983514449526
0.08303387091679623	0.167034749706525
0.09421164767137248	0.1590716113720858
0.09797767943854244	0.1347920676490991
-0.02459901015888142	0.1346699967591121
-0.0507047330900923	0.148447321842873
-0.07917062899955107	0.1539754473857826
-0.09620836301637953	0.1419135705555557
-0.1195910595205107	0.1026519268476905
-0.06115853742871707	-0.0995040188945583
0.0003239689321021004	-0.08323930333997899
0.01712708707347026	-0.08797897996415659
0.02690685575181706	-0.07662768877167572
0.05268926684361878	-0.09518812077066523
0.03118165859784944	-0.1333753023362097
0.01552610350398387	-0.1383231513902818
-0.006740673944736202	-0.1344153266754114
-0.01249246490042054	0.07378920629402322
-0.009850302602000479	0.01955448780451948
-0.02452785895250801	0.01574174761623123
-0.02964442745549348	-0.01994975723674994
-0.01544403679843399	-0.03652598339935378
0.02370670043302235	-0.0439776709383153
0.04164156196988395	-0.03197640763970624
0.05019293017089619	-0.01213334227179736
0.04927996231650628	0.01435582766189357
0.04249918756535646	0.03403417987126775
0.02509858458195841	0.08326037407946452
