-0.1430103848589022	-0.09928066180022409
-0.12965518639621	-0.1389765202892096
-0.1102004505678113	-0.1787630105967928
-0.08988030633096282	-0.2072328471713344
-0.06093500649375786	-0.2271242186760091
-0.03022107506489354	-0.2394321659100872
0.001793937224900273	-0.2404299842395743
0.04069407405552104	-0.2326413771222527
0.07136320380232071	-0.2186346181026839
0.09439836774637927	-0.1934196796776916
0.1130594739922618	-0.169301474488171
0.1319794097849881	-0.1277617513719368
0.1419837379675337	-0.09381662626258747
0.09575313992688333	0.07374868328722541
0.08902379464160724	0.09011230692220061
0.06826623810044784	0.1008759158936452
0.04820757306752553	0.1000122408397802
0.03498174517088603	0.08975353608204134
0.05232280096200439	0.08368743886060437
0.0678866094217446	0.07532440140478595
0.08524497287899616	0.07041973274629409
-0.09582694630739801	0.08472688822114202
-0.08338622893659024	0.1008056948618072
-0.06669218474671758	0.1098511766406157
-0.04849701225152249	0.1026107124150624
-0.03819588967027082	0.09200245870484425
-0.0513871884174603	0.08406662964519715
-0.06623496155292262	0.0819638400106604
-0.08024587365821288	0.07752526268246848
0.02784690113582755	0.1374888022775563
0.04558484140798048	0.1581356488784842
0.07517686112360389	0.1553726260861965
0.09687477016066172	0.1492417974202973
0.1102989661576319	0.1141916739385483
-0.03138883616539741	0.139530584766102
-0.05903101479462092	0.156204918409823
-0.08430067545260685	0.1565803594777508
-0.1028064790922273	0.1429150442216816
-0.1183444603154431	0.09435495120213569
-0.06347434014221384	-0.08419871624497853
-0.01694676351368101	-0.06165620234213037
0.0004115999435704593	-0.06656087100062215
0.01881386889762956	-0.05986412310161977
0.05588578044218959	-0.0871337638841275
0.02147105152564175	-0.1156646802182922
0.0005582008937605068	-0.1153539699526929
-0.02117422890563396	-0.1115460344012461
-0.01811994277468951	0.09402757135090149
-0.01978505018100574	0.04061458628720802
-0.03647909437087845	0.0315691045083994
-0.04130183814767067	0.0002751658956539225
-0.0363842439250287	-0.02070830863294254
0.002775546994321902	-0.02477516919167756
0.03101779512612258	-0.02159232431480887
0.04050318044016663	-0.007910400217335535
0.03750088099496734	0.02466151836542297
0.0237833353309506	0.03996727402584093
0.01844300371570223	0.0911609528806511
