-0.1569285852690685	-0.05400772240356505
-0.1508806326297221	-0.09773073190196452
-0.1361878440300929	-0.1438805272418788
-0.1115008954474732	-0.1896658260842398
-0.08201120759338405	-0.22994050440438
-0.04896111999555832	-0.2580803801401885
0.005911154230731138	-0.2685487882847603
0.05897564126231188	-0.2541438240411567
0.09883421021969443	-0.2220109882502643
0.1235164553663659	-0.1908359796193126
0.1469449973994872	-0.1444949813949735
0.1603455611173914	-0.09759012318693232
0.1658478927577423	-0.04403436085048868
0.09290010973734643	0.0778947569964137
0.07942186824228625	0.09074196699224006
0.06523574608377898	0.09556007550263805
0.05034168160719221	0.0923491398432798
0.03854305432833195	0.086583313083095
0.05082751314152631	0.07902808432831814
0.06496505305055002	0.0755420565839362
0.08105289912426274	0.07346104074482111
-0.09542707052844532	0.08303117790070472
-0.08077594182819973	0.09290264555147984
-0.06378588175414639	0.09352228916342448
-0.05259799965918269	0.08859483199302459
-0.03546221968661543	0.08521815290864465
-0.05021051469372782	0.07801089636086202
-0.06610398813535845	0.07476348152612029
-0.07914495168773163	0.07562174760031717
0.01785375477429957	0.1325144397608417
0.03820989478518789	0.1505972292111458
0.07223859826751801	0.1505044059264427
0.09775831359005073	0.1367624874451641
0.1132353840141306	0.1239882064191087
-0.02992379292385074	0.125436427634313
-0.05259108650011498	0.143283994027734
-0.07411321119447306	0.1571717084323418
-0.09495515191237926	0.1524099458391633
-0.1124587915866223	0.1384328270220258
-0.05812941457907499	-0.08901248734434579
-0.01473818113697927	-0.07142345864123323
-0.001405719025585611	-0.08027434811021514
0.01524425915522381	-0.07032997059489327
0.0589478154257758	-0.08874417713431619
0.01831190646084652	-0.09956333437704179
-0.00072555560067785	-0.0989238060027775
-0.01876359031509415	-0.0982477580732008
-0.02317773113084474	0.07766292523860777
-0.02952121622443538	0.03207979942569168
-0.0457825284546176	0.01147855767001621
-0.04585886021627653	-0.01386785262735414
-0.03328290067458178	-0.0294157642620686
-0.005347874815101719	-0.02706303519175478
0.02368372993208888	-0.02733813719097068
0.03994504216227102	-0.006736895435295203
0.03712030016725334	0.01583595509908067
0.02064385718067813	0.02857384762380142
0.01389776564509593	0.07634734893476669
