-0.1563184553767065	-0.01698967249164871
-0.1510783378795036	-0.0801985171675189
-0.1368937183526609	-0.1244320213865962
-0.1133274344641738	-0.177439618323934
-0.0893830366202933	-0.2185254694352445
-0.04346443279848718	-0.2624468815328557
0.0106513947548508	-0.2728842728568013
0.07013157850826447	-0.2526284092898282
0.103853661182897	-0.2138622137675275
0.1274083013387395	-0.170329799493119
0.1518166557084379	-0.1241084624196115
0.1598101049738751	-0.0866674781410854
0.1626223668154179	-0.02568882443877658
0.09047895662482373	0.08432802006310729
0.07635332758699925	0.08889032261441737
0.06335311144686932	0.09086567205318209
0.05359335326840137	0.08771801014018868
0.04291194178562716	0.08320043549398946
0.05301138783199702	0.07975319432461521
0.06198541845255586	0.0788929553501528
0.07194898935176491	0.07808367541372556
-0.09385166574184146	0.08012346576026155
-0.08818603946175181	0.08570519861546086
-0.07453594045020701	0.09037569318102243
-0.06153574545989358	0.08840037218043094
-0.05242586914159387	0.08490217045615139
-0.05809149542168351	0.07932043760095207
-0.07286699953694281	0.0772369359194521
-0.08177309308954449	0.07677820409391435
0.03156016611230743	0.1302247831163532
0.04531658071380433	0.152092923812773
0.07817600057314862	0.1498180049341008
0.1079603460703409	0.130192565548211
0.119524940953427	0.1175634903449871
-0.03381900587704922	0.1281797265965567
-0.04091132596256721	0.1502964880169453
-0.07185955325020163	0.1539922982998052
-0.09369789541430971	0.1541899269969553
-0.1160207569888927	0.1252681886360299
-0.07962594260674807	-0.08048563264118078
-0.01629385594671539	-0.07722354656976459
-0.007251887246952908	-0.07940277597717392
0.006601993519043308	-0.07868919532848298
0.07846201747665117	-0.08689006638120997
0.03583390318199669	-0.1261150495941482
0.00218870668237672	-0.1278480341310486
-0.02776993326673421	-0.1241012230161435
-0.02516413900000537	0.07572655773875278
-0.03036315491145096	0.02255984749815123
-0.04882519291053267	0.01499649227725288
-0.05122088323727764	-0.0155438044396569
-0.02791741237502323	-0.02492325836543015
-0.005535561828291982	-0.03567269222285211
0.01490559801647685	-0.02800745616928284
0.04070216697675917	-0.02800118627608858
0.0479777776811246	0.004112904153917955
0.02525621183956473	0.0214572003109445
0.01561180518949391	0.07385940031423965
