-0.09165927902750858	-0.02664288911660041
-0.08895988914333354	-0.06639084411398805
-0.07991684896190707	-0.1174083659000825
-0.06723278543397013	-0.1653238788479597
-0.05454549464226024	-0.1878630135853526
-0.05361358450237356	-0.2211421694155302
-0.0244918833491549	-0.2470789283902266
0.02767303247884833	-0.247584064896534
0.09003473713482525	-0.2241777751122115
0.1367943656500693	-0.1959398140185512
0.1865185663139128	-0.1673509811451491
0.2156499728669344	-0.1171585529944904
0.2301675060801549	-0.06201745839770738
0.0905942035344303	0.08440730890186535
0.07239232038850696	0.09427367348962062
0.05434632954528031	0.1028228696685907
0.03983526466529667	0.09843458282669916
0.03120028796507143	0.08672818836546689
0.04628173490809865	0.0778281336894851
0.06006330627842187	0.07144548362799995
0.07540669557638842	0.07726781638194691
-0.07827934317630063	0.0804511899870098
-0.07640577416859759	0.09002195129842998
-0.0620505871486018	0.09572736849791366
-0.04644853693631103	0.09089566430025965
-0.0364638448469421	0.08272811847252107
-0.04390174231152968	0.07784125423920132
-0.05955684463836287	0.0746531574319753
-0.07172677555023121	0.07588423270887476
0.001196466951479418	0.1285874821136487
0.03573316081726002	0.1500368126643395
0.07328418085695713	0.1544802803074618
0.1019383049270126	0.1324949389710018
0.1250280844145342	0.1151934629843051
-0.04930378623486682	0.1319607617779903
-0.07026130639198223	0.1481789656044428
-0.09309239207686382	0.1548263787110962
-0.09928341770634246	0.1394024040434107
-0.1007954481973916	0.1098407401945491
-0.0477212988670347	-0.1015783986281619
-0.03019267654646359	-0.08881954630941039
-0.0191667611559008	-0.08885044883727244
-0.006996847006699313	-0.09008146645739266
0.04475029013750682	-0.1039918750017071
-0.005335424274527384	-0.1125897626465588
-0.01849353669880145	-0.1114756104069579
-0.03133994989990006	-0.1129957454480012
-0.03318757515810739	0.08044463319208861
-0.04276095689691622	0.05126464330294273
-0.05545472466467706	0.02305095932267197
-0.06185463821459468	0.0009243786243515731
-0.0550964491430313	-0.02231635547354869
-0.02966559282121217	-0.03399840652179804
0.001435717066197842	-0.03432492908866205
0.02301991995319845	-0.03043522311813558
0.02239974993059941	0.0002097198508439063
-0.002457491378564768	0.02397992754517831
0.001969288730272262	0.07124902077379983
