-0.2159584428816617	-0.07963396018528944
-0.1957736462971566	-0.127084991306603
-0.1673645282685472	-0.1698827417337296
-0.1395537300789851	-0.2073823650942336
-0.1063640107736317	-0.2387071247796272
-0.05201514787668928	-0.2636966010746476
0.009813421709444877	-0.2537657275544492
0.04897436263347157	-0.2303557877149762
0.06771482749511233	-0.1896903209521686
0.08341884968267683	-0.1501165042557518
0.096729623594387	-0.08935028910520551
0.1003583181488154	-0.03969879963556375
0.09977937030439292	0.006319371418146293
0.07983024276256383	0.08396589772363189
0.07480791966926663	0.09615531849916673
0.06323540291424846	0.09962828100718368
0.04814902749132125	0.09547643340725614
0.0366019105954812	0.08581159368005302
0.0489637027254555	0.07965375327352429
0.06034530355328755	0.07356754847910657
0.07141496578255065	0.07669936786133394
-0.09061984260471613	0.08460057910162137
-0.07828338772269029	0.09158059501315462
-0.06193021134389247	0.09958061898267706
-0.04330469004903547	0.09821940447697002
-0.03534146241610908	0.08581505270133753
-0.04982948385157833	0.07636514397423207
-0.06580063743937996	0.0735915417410023
-0.07727771876532256	0.07837115148023192
0.03946666773360086	0.1250101144546506
0.05706118069104458	0.1499961706264104
0.08058818361993413	0.1482767396824045
0.09383487131955329	0.1407406551052965
0.09878705187338754	0.1141067926810174
-0.003666242282407011	0.1281624097304536
-0.02908373953467069	0.1444695525765866
-0.06927574501104958	0.147406916852292
-0.09160613530326529	0.1385301249686671
-0.1125488608885379	0.1216703425940269
-0.05231962007795656	-0.1060427927797488
0.01251995293963264	-0.08188233698586728
0.02478625058279671	-0.08934683008392114
0.04486961114037361	-0.08424655666597217
0.06655686870961844	-0.09765390579831407
0.03982788261473995	-0.1127772360924636
0.02600830410876922	-0.1130808288160497
0.007191749481955757	-0.1143328577928618
-0.004640506518550563	0.07437615760471689
-0.008772056309432832	0.03132944030081378
-0.02440598386936514	0.006200078531141894
-0.03002066154838617	-0.03017027393184986
-0.006780078757998726	-0.03580959914308245
0.02164842525393524	-0.03788724794678497
0.04252100212873371	-0.03547185788766019
0.05217774352736799	-0.01121928561319959
0.04830132229434012	0.01664952985786597
0.03806563305128326	0.0384151286371153
0.02818662033746723	0.0785450159059244
