-0.1574155271668221	-0.05513428855111768
-0.1498461936004725	-0.1035764313547279
-0.1348273443558197	-0.1518622540328312
-0.1155449304152586	-0.191189498604769
-0.0868473759294906	-0.2239216299622115
-0.05540182941293353	-0.2445956442662333
-0.003293436782269474	-0.2488352709130342
0.04459139355428027	-0.2424965941191949
0.0841410556790671	-0.220332253783913
0.1153849544660746	-0.1932781641399742
0.1457658339597502	-0.1537028828185896
0.162146780159306	-0.1072296037882525
0.1680815975789189	-0.04683337551669037
0.09567691432353	0.08792114772899264
0.08542580613578928	0.0997063688098602
0.0683430106949979	0.1033479317163775
0.05342793907670057	0.09903467201319512
0.03856889215764357	0.09205585230315895
0.05181976422110381	0.08033358219049046
0.06587481815420307	0.07796184904799122
0.08087376440180552	0.0782767057892003
-0.09325432069991513	0.08128835173908353
-0.08042304763703835	0.08955798253448169
-0.06545205959920426	0.09120564026301517
-0.04839724241506276	0.08889688784669875
-0.039229995305666	0.08108903839336945
-0.05314510031358034	0.07679680960817058
-0.06503239095509979	0.07121373089320104
-0.08005933425687907	0.07223163462910177
0.02167463527683253	0.1343694330808512
0.04416948021747792	0.1588425258324496
0.08127887825325468	0.1542879818873435
0.1016412851988188	0.1373814748104836
0.1120043059967076	0.1202650316074688
-0.03229370426258468	0.1319031459094969
-0.0597115219895077	0.1513283221066241
-0.09279324083228985	0.1546340269037067
-0.1084564092721155	0.1383046317955444
-0.1208959617731025	0.1113758829065541
-0.05233992515296771	-0.1045262564598465
-0.01384614668277796	-0.07971731530991548
0.003208640951605654	-0.08202607827023725
0.01812367247614	-0.07771279956130227
0.06248442578439466	-0.09411556494388865
0.01748748784830827	-0.09506013724977369
0.001488554318763917	-0.09539598564810624
-0.01345445587887186	-0.09837643402818474
-0.01931527472994204	0.08550724042429361
-0.02619560967617512	0.0320275317664204
-0.04080291492473666	0.01305356518514098
-0.04124328380448607	-0.01362333744680627
-0.02479671350174096	-0.03461219919738659
-0.0009662257184931652	-0.02611164395032234
0.02608790880270575	-0.02821049145604788
0.04283496870353633	-0.01585849710873014
0.03707987734231325	0.020021956918979
0.02588481669942467	0.02912061662476727
0.01971005461183933	0.08499307921556935
