-0.1399694293278306	-0.1030461913069522
-0.128997439031258	-0.1537306302678784
-0.1085088771401123	-0.1879403261561614
-0.07638155335401758	-0.2237194494755087
-0.05449856236131909	-0.2423938123919437
-0.03317023983508031	-0.2502644278933561
-0.0009487169535520061	-0.2548870900757737
0.03056540356508845	-0.2534949245185916
0.0581991161169669	-0.23280394072099
0.08984563519844246	-0.1990580021132466
0.1115353469408279	-0.1673915641112206
0.1272046763716964	-0.1271440287050982
0.1379808791563008	-0.07116069149916981
0.08496053804396121	0.07074765449660703
0.07636001721019013	0.08300628016903
0.06214114863753562	0.08825339540278861
0.04851511984723875	0.08389403143556121
0.03211811395613778	0.07722613951414492
0.03993489036338581	0.06858782297398246
0.05770852586744445	0.0620289518728516
0.07653297923172497	0.06023034096791288
-0.08413431249649639	0.06894805878387116
-0.07391034375635748	0.07940809023576802
-0.0584496989330325	0.08490741247281185
-0.04505269065203315	0.08208339882536454
-0.03278294751481427	0.07210466324555347
-0.04379062475592713	0.06526494869996251
-0.05831488092813343	0.06093422202615115
-0.07186454206001519	0.05896934017255317
0.02756606991209141	0.1600639097128561
0.04939057434867641	0.1677572026722986
0.0734135689739548	0.1598006399332499
0.09103447143382662	0.1484528758877973
0.1055790353562832	0.1252187233076105
-0.02378532123253133	0.1569073239241494
-0.05312130414864502	0.1674301744325092
-0.07467862765896457	0.1681174652132887
-0.08943189486194035	0.1566033784614565
-0.1010121486869964	0.1318052652832554
-0.05039649221405323	-0.08552842177370837
-0.0166481948462596	-0.04226196731886735
-0.000709227701110378	-0.04996075934386362
0.01389134011058431	-0.04323562904524473
0.05144618860510378	-0.07798936999954136
0.01993206808646332	-0.07938153555672343
-0.001625308886059126	-0.07869424307146146
-0.01970425009188269	-0.08171316297242133
-0.01634776281785019	0.07996977854509021
-0.01722567297098134	0.05243355412116205
-0.03325884091604656	0.02897583154702559
-0.04233526235693452	-0.001894320732795955
-0.02287974556851699	-0.012102179970635
-0.001207884220206042	-0.009197756065216887
0.018514813494477	-0.01102503156283392
0.03689917822540133	0.001571738019741452
0.0235200496263015	0.03315784510486007
0.01522483534653666	0.05499428851047523
0.01512821425231539	0.080164710677463
