-0.1465761435634962	-0.04357439499432992
-0.1357969875760915	-0.0899215898501993
-0.1243139312373532	-0.1263903322856181
-0.104058798398365	-0.1691863690584535
-0.08052112559557349	-0.211737708964461
-0.05091714652806276	-0.2485122075798038
-0.004219553112854152	-0.2621946030490919
0.04272720887539327	-0.2522803258745496
0.0829744289169513	-0.2109315837368659
0.1072807965596203	-0.1699020258942399
0.128661154245489	-0.1226625585364436
0.1502787811454957	-0.06826633191382021
0.1659849043981676	-0.01684441303260815
0.100316006564485	0.1029552444701343
0.09049964299344379	0.1161476008938937
0.07383346484398476	0.1198794263639227
0.05662536687645584	0.1138023696034063
0.03669524360514297	0.09663119776655243
0.05133627123075418	0.09441677965281561
0.06777018290881051	0.0864810631665982
0.08474602886724453	0.08835430133798464
-0.1033942602322819	0.08047638232246532
-0.09413215879980805	0.09542582216172871
-0.07120296489242997	0.1096201738367264
-0.0545367902000624	0.1058882857924916
-0.03736119941366736	0.09228934776443258
-0.05149281094525113	0.08463671589434527
-0.0687008990599277	0.07855964812861266
-0.08567677630546468	0.07668641168577205
0.02224167754634986	0.1213242404419145
0.0594572630160819	0.1459737274015138
0.09994913650434697	0.153575543603462
0.1219941748156459	0.1326798010633183
0.1357061277973977	0.1136500390469123
-0.02230060709953318	0.1167573287228264
-0.06619100204455781	0.1430766306317255
-0.1001427136671306	0.1393301762993854
-0.1149710835307271	0.1190660469457704
-0.1224402273313337	0.09839531512978726
-0.04940586123784813	-0.1066343921336027
-0.02001395831357968	-0.08998602620307959
-0.004476488373654971	-0.09506108828853949
0.01055159618316336	-0.09026911254775542
0.0531909544667546	-0.1010582193913208
0.01874219805302717	-0.1328883456780882
-0.003645072003007586	-0.1372737421193003
-0.02654173441409161	-0.1317920375838805
-0.02010822353831352	0.08009166694623886
-0.0258943662798973	0.03262236332508373
-0.03562097173056129	0.009265286307560076
-0.03965904460095512	-0.02565056070638838
-0.02645647700230967	-0.03481328489655047
-0.002239205632515326	-0.04788546414039255
0.01559610095636393	-0.03713660011852078
0.03595816891956112	-0.03123378301107253
0.03832554715487145	-0.007470124389249329
0.023517407607027	0.02989246822735956
0.0180487476086723	0.08360582104348503
