-0.146112959652402	-0.01209902709908319
-0.1416096286211485	-0.07128566861967763
-0.1257698082895214	-0.1340259485740146
-0.09911953865105384	-0.1764489166106681
-0.07123735854808176	-0.2161491360702166
-0.03451485968905156	-0.2494231120553849
-0.006019070395956862	-0.263925742776156
0.03470365258120485	-0.2525962629812871
0.07234416689051186	-0.2242376431691763
0.1026208492483779	-0.1799690267218083
0.1346830848104764	-0.1246014438013829
0.1529449763148887	-0.07112591563559405
0.1618728207361192	-0.01563131802853488
0.105273288363925	0.09887729704976708
0.09344311023564691	0.1108762144824612
0.07486728430618345	0.1163104109185955
0.05441371584563037	0.1092496720296307
0.03645620570102096	0.09220908995660088
0.05416918106503363	0.08963617775003596
0.07292948396448085	0.08699398556624821
0.08987195531161503	0.08867833691956929
-0.1065992777721384	0.07642683440872115
-0.09178389560374256	0.09367510949318737
-0.06991381580531504	0.1062507391154882
-0.05352504404305795	0.09955895981248192
-0.03322365136435348	0.08840221423503984
-0.05253762611286877	0.08266822175280898
-0.06870952140073752	0.0767265916423642
-0.08460456895646432	0.07497299569044612
0.0191723196241004	0.1171875686169007
0.05490271267767119	0.148476665396179
0.09106680810415489	0.1544989675621407
0.1153730968922577	0.1402732606276961
0.1289612717570527	0.1071263679377212
-0.02395426547449237	0.1172340047569284
-0.06655955186614368	0.1410819644393229
-0.1003521147819061	0.1391092701723376
-0.1151674637203683	0.1218610241972115
-0.1233894576752243	0.09295998074714375
-0.0612991514412362	-0.09762595294568287
-0.02867855057227927	-0.08155459347993047
-0.003634023576807306	-0.08461218001617342
0.02710869831910249	-0.08103576772732596
0.06795598797423694	-0.08373575215243961
0.03435268684646688	-0.130588731103347
-0.001317701032651148	-0.1450563448114281
-0.03600540943271392	-0.1287423376608232
-0.01933104319036081	0.09169026420399631
-0.02776520496457703	0.02775029408907502
-0.0431342417245064	0.002125937550614116
-0.04525659245211096	-0.0299824976365998
-0.02782044816107569	-0.03674350771449628
-0.005885680120283997	-0.05501880245492471
0.01197948974503842	-0.03937426273825073
0.03662255596352102	-0.03259048919512848
0.04120873723485247	0.004963588604600919
0.02583503543970745	0.02701159656701934
0.01969834913935909	0.09331677548719
