-0.1045406049859323	0.007530196178815439
-0.1033830074429105	-0.04983170902364638
-0.09589099064794813	-0.1060151360910884
-0.08082325641665145	-0.1554708426452227
-0.0700914125240589	-0.208970495683687
-0.0329259298465648	-0.256396289124834
0.01412198153622704	-0.2608239852843001
0.05980096893580938	-0.2442328675870039
0.09244141192703476	-0.2104124635872086
0.1313677969220462	-0.176810029466229
0.1662488665328844	-0.1388730726575595
0.1858023921560281	-0.08921982358025402
0.1974103951368006	-0.02670821548501124
0.1017564578296249	0.08845614645034161
0.08343123461271529	0.104470632082189
0.06062478717261634	0.1122519486582806
0.04257243725301958	0.1058875099744382
0.03261079836103137	0.09085393988962381
0.04917969610109319	0.08468699212533122
0.06584542110105365	0.08131287196383351
0.08275329721299014	0.08492081272975537
-0.09006244212395692	0.09231173629156461
-0.0831953921427183	0.1088506958055676
-0.06933368073858091	0.1153604446380815
-0.05271635771438148	0.1105899466896026
-0.03448797251056959	0.09178262342255281
-0.05029973702137157	0.0895347493819707
-0.07030215867086576	0.08743224856767191
-0.07973110231436163	0.08775922005628727
0.007194064954926183	0.1141047885353502
0.0330642744716125	0.1341790505915293
0.07655109027254717	0.1480500226433643
0.1054013486692716	0.1330686537546395
0.1356206242240407	0.09706845737278776
-0.02942567112794229	0.1167727333451176
-0.06303004674958874	0.145899889392978
-0.08483722991326732	0.1522484665980126
-0.09903790965687168	0.1359638184820853
-0.1019080372784773	0.1136939165618023
-0.05683697522764792	-0.0989809248504093
-0.03854249317970359	-0.08563437255433884
-0.02092592810627331	-0.09183765072429687
0.006264853940295886	-0.09417862368505323
0.04049871085951539	-0.1051523987223031
0.005908214761625479	-0.1347109279301663
-0.0182848575981098	-0.1366681701994151
-0.04218738510053734	-0.1302469110370469
-0.03268319093156972	0.08333152389682121
-0.04470936919493863	0.03900963725026211
-0.05887928698397085	-0.006636049514374506
-0.05256257083083092	-0.03621500643827775
-0.04042643081900293	-0.04921868527689858
-0.02147168473330662	-0.04707979133971817
-0.001420858945677421	-0.04358085038161789
0.0177760271384001	-0.03445991594222899
0.01940477379358056	-0.01773924312426504
0.008752137564908847	0.007795809967708891
0.00254990803688068	0.07092496863809211
