-0.1964317892884582	-0.02404724543155554
-0.1926899845776881	-0.09138055614961604
-0.1556520504399716	-0.1489596474698932
-0.1117883472148834	-0.2001341484281939
-0.0778572264040438	-0.2448851426362047
-0.0362674089162506	-0.2609627695889696
-0.00275062933356968	-0.2610005568761014
0.02881649481578256	-0.246911778137219
0.06065810139875716	-0.1923565285991927
0.0794469246862663	-0.1311142901327859
0.09523254313429895	-0.06822228941524518
0.1045435423542257	-0.007575969368017476
0.1092125516560142	0.03531183684113385
0.09495283412038984	0.1021370445183436
0.08976589660949984	0.1151407886663669
0.07659598910477483	0.1204414563883395
0.05890114527321524	0.1093698335298438
0.03646059811750753	0.09171801977143436
0.05830234054831139	0.08987368886887277
0.07366946897836656	0.0857837392016923
0.08777586358567409	0.09157354882083475
-0.1020142867041975	0.07688324764907455
-0.07980793376525196	0.09176244559138438
-0.05656145676005653	0.1065538771297661
-0.04119433268613219	0.102463875874507
-0.02988397317544815	0.08754683396672826
-0.04283318489784509	0.08305554310695962
-0.0579796623009397	0.07735349640684072
-0.07785829809592848	0.07763589162543846
0.03348438854154505	0.118497034865633
0.06830227953747056	0.1462732941637246
0.09384952739750869	0.1510970307109714
0.1050428289607583	0.134793713957506
0.1121794434114347	0.1076634123586321
-0.006272884790884834	0.1190618046675971
-0.05282898105867034	0.1383511475770129
-0.09166319698454652	0.1374417729532053
-0.1097227029123263	0.1096466256059688
-0.1287052464826546	0.08332561062443598
-0.04915865075978262	-0.1035004351054683
-0.01019386886855001	-0.08864009774436082
0.01129667720516838	-0.09464339675937529
0.02147680708986544	-0.08572958673355956
0.04781662122808926	-0.09633093249512055
0.01425945882755429	-0.1339870129852293
0.00605588169090018	-0.1318980655760383
-0.01486287817033847	-0.1315279039535123
-0.006443806840280698	0.06741704463391443
-0.02291829022055724	0.008771783523013423
-0.02769085642166766	-0.02293769218113652
-0.0191495839760405	-0.03343227682856258
0.002223913596632957	-0.04082186187810529
0.01596562460126266	-0.05175558532286686
0.03238629721010871	-0.0433687931208616
0.05054939360373598	-0.02675194793945797
0.05242236780890105	-0.004570993257227829
0.04805485596825443	0.01813691211576143
0.031480850984702	0.08236514839895016
