-0.1459024188042656	-0.02986132020280839
-0.1354289898260631	-0.08984089983647561
-0.1151546372835145	-0.1419455995179797
-0.09304211814442483	-0.1950658703312241
-0.06532471151515841	-0.2353045883935926
-0.03941575520001654	-0.249217803320321
-0.004295628085511533	-0.2583124982947606
0.03241821502486471	-0.2461716093750925
0.07373718088910088	-0.2135283810964
0.1027464923884478	-0.1646341294198465
0.1230876954525994	-0.1250163527063723
0.1467226817002787	-0.06958415925554104
0.1569857810287986	-0.01046636575829726
0.1037810957704576	0.1018171430824905
0.09068265449497384	0.1123592537273706
0.07323305548072752	0.1203363118996603
0.05613751085249061	0.1156697294329469
0.03504505308359005	0.09579449554689336
0.05280350773142661	0.09341104622048932
0.06943567064191722	0.08968713733003013
0.08960143431879762	0.09278150994514042
-0.1033218034275327	0.08660392813689317
-0.08965063286199881	0.105486429288116
-0.07135153719043899	0.1128918449246349
-0.05254385064103761	0.1104505018586527
-0.03353658030269496	0.09256869521451196
-0.05078651284137779	0.08510527480268894
-0.07223312211407926	0.07787362428264616
-0.08773883429816196	0.0829380361537683
0.02151523222135598	0.1175818142276797
0.05646397645939654	0.1549266437042158
0.09824532549859183	0.1540218566082358
0.1243650921519053	0.1315392120350348
0.1363050828691243	0.1000209406471163
-0.01955648527333327	0.117044728334396
-0.05706254898182694	0.1429615996504849
-0.08938451192976529	0.1446048880192632
-0.1128892934863224	0.1229714446474493
-0.1283471845062743	0.09079136933871088
-0.05588954793080124	-0.1025714954939814
-0.02543181958536364	-0.08461612830894809
-0.007904988464674466	-0.09119473829740206
0.01136604513073696	-0.08524565072791251
0.05077079576740538	-0.09583793967563191
0.01856881003494242	-0.1263210535830642
-0.002646075718896298	-0.1293574341296853
-0.02258014709994166	-0.1282565350470195
-0.02343109876987776	0.08499716802698533
-0.02982226945083939	0.02643776424282587
-0.04193570279751301	-0.002349426382901494
-0.03800281358462349	-0.02641215178479787
-0.02889601349717672	-0.03968086416608977
-0.006637275319867179	-0.04918448374018277
0.01296960916869384	-0.03715449413110272
0.03433974751809921	-0.03321271654207051
0.03659689293485037	-0.00949191085722325
0.02442518042312304	0.01783112178030123
0.0177950898966644	0.08833108726710052
