-0.1328418200417782	-0.03042853958064683
-0.1249688171894593	-0.09005561665459966
-0.1027036219619563	-0.1496374167031596
-0.0825147495268663	-0.1871108390069306
-0.06650812705080195	-0.2365278327858396
-0.03641651000600492	-0.2557350586957031
-0.007488039899369463	-0.265246396815396
0.03758267247014558	-0.2556958275944031
0.06899214262655426	-0.2270803239463475
0.09249890923916981	-0.1949978982060926
0.1208320855621719	-0.1551407029502697
0.1495211898350932	-0.1002480813085222
0.1634049130110415	-0.02755510771630778
0.09566651677209158	0.1074424582102788
0.08863886431362999	0.1204176471771353
0.07079532624652164	0.1275390653273838
0.05157678283190966	0.1197188808527897
0.03327134729724314	0.09948624326391066
0.05022080960305189	0.09381695867079594
0.06640116466485177	0.0909580898938811
0.08435064843395219	0.09615537465314983
-0.0973644356564526	0.07589278209037463
-0.08517354470030222	0.09668815553182515
-0.06953129806724952	0.1103167207343351
-0.0483805169677881	0.1056306439005482
-0.03205607028608163	0.09316972945253528
-0.0464292021996512	0.08216399772736235
-0.06629185760997827	0.07851258023267439
-0.08309724944487516	0.0745798109060305
0.02150422079107065	0.127965703539858
0.06539271087545399	0.1581724535015219
0.0946961886819483	0.1527360750979739
0.1075883741976957	0.1364815518354372
0.1243258926922009	0.1061748458563022
-0.02356650993643494	0.1184151563981943
-0.0605417237297854	0.1409954677388407
-0.08920112718688038	0.1422631132118116
-0.10534335934043	0.1232012049407907
-0.1166020726516732	0.07903302477857492
-0.05159465312841522	-0.09680804573618783
-0.02043518903558047	-0.07090919200822533
-0.00883118893461262	-0.07882620525094877
0.009243294610103189	-0.07227063091428854
0.05218894486474214	-0.08581159013841881
0.02015449127289057	-0.121218706213717
-0.006072697351870743	-0.1270240699645861
-0.0274734817239019	-0.1250546127229026
-0.02490339783334468	0.08155282820240101
-0.03399893716112613	0.03855539025837776
-0.04398853203154723	-0.0029899159891812
-0.04039315084837456	-0.01975871284022674
-0.02662594736628983	-0.02650499676509157
-0.01412786139469242	-0.03587414449528368
0.008772976786438328	-0.02154373440506667
0.02622242275207455	-0.02177969614833047
0.03140475390003707	0.001030428987852271
0.0248770942803982	0.01943892976489494
0.01534095165109495	0.08332858281883225
