-0.1453065498191321	-0.06502352817933597
-0.1347769696337674	-0.1188861276242508
-0.1179813882044431	-0.1665519558733126
-0.09824088225005853	-0.1963989997999993
-0.066335878248185	-0.2208472315020283
-0.03473226667713988	-0.2367702076416866
0.007722641883441588	-0.2429417950050089
0.04382515943173202	-0.2332817797439976
0.0748906386703775	-0.2112990857041033
0.1012589073330434	-0.1809620294348878
0.11784629045964	-0.152038043426142
0.128139696185968	-0.1128424478579313
0.1356437068041063	-0.0626513356995758
0.0969703467094889	0.08657359874821516
0.08317412809130249	0.1076536477648875
0.06371930471366175	0.1151281765711304
0.04597591939941876	0.1069546279152973
0.03072575942665178	0.08559401415965504
0.05367967788333423	0.0807200203843712
0.07482207155135312	0.07575303622576893
0.08822254093134682	0.08007227118931516
-0.1037608296275877	0.0871636566231888
-0.09007429535453645	0.1036021889759536
-0.07251680204635563	0.1153975845815522
-0.05137440699464042	0.1104305734674741
-0.03286351907541301	0.08596121474113022
-0.05338615683862664	0.0788553997001816
-0.06962791731827332	0.07681123088920348
-0.0850878271624993	0.07722806868395796
0.02449985591859386	0.1361136466890228
0.05346041079720142	0.1557571342858468
0.09319001063467096	0.1602174774444055
0.1139843650387567	0.1443385047074171
0.1267746586247295	0.1074708797480599
-0.02216596201224376	0.1252449695835069
-0.05760030197877177	0.1609502154432324
-0.09467459165177272	0.1578366304992331
-0.1151972321823788	0.1507308693692362
-0.1365398598908792	0.1242156696826324
-0.05883034813209791	-0.09815089300083604
-0.02427311609419005	-0.06369461001722405
0.0005542717991630411	-0.0696828696927663
0.01654813180616573	-0.06280958290675316
0.06085419472479027	-0.09442803036135328
0.0317934996711973	-0.1298125975561227
0.004086716386495646	-0.1384976299526895
-0.02617526661055759	-0.1327882884386148
-0.01884326729637014	0.07820766087398044
-0.0261418155445313	0.02578336423200975
-0.03630543903154481	-0.006210293907539547
-0.02747189086871675	-0.01907188437242389
-0.01092027905065273	-0.02306403544787371
0.004849523607410092	-0.02951729910603137
0.01715834169589298	-0.02162268519828685
0.03333812826589619	-0.01837121656163508
0.03868688836593145	0.001270668922247769
0.02838980307358162	0.02495120988901431
0.01641946971002724	0.08122827202128245
