-0.152637376117768	0.01384171154160267
-0.1449927307256921	-0.04506093811193654
-0.1320915275010981	-0.1154861608527544
-0.1072563517133154	-0.17795335905956
-0.07065090914268145	-0.2300966761736965
-0.03713080091102534	-0.2634353817498476
0.003476233730022701	-0.2832085076536134
0.04865813492610117	-0.2788921182852708
0.08831125439804029	-0.2333562123355181
0.1135050320548799	-0.1721802679412441
0.1304786895140529	-0.1210824455448149
0.1338937890637805	-0.06735736507489894
0.1351930167507961	0.004050839053421285
0.09606222985044807	0.07979211471403903
0.08127529185702516	0.100163977345882
0.06633788792789204	0.1098276793465005
0.04649806677720939	0.100133799570182
0.03280227336295614	0.07897888801733831
0.05112602335021332	0.07192689242220564
0.06839846464212461	0.06717934441033277
0.08598517754420856	0.07077406315399845
-0.1043679582081081	0.07661506841588328
-0.08704018140331499	0.09683278755464822
-0.06808785629768978	0.1064652480607657
-0.05048786921505704	0.09698583698772234
-0.03223273074965453	0.07804273047141136
-0.0557864637955818	0.07046904134882878
-0.07079251141619662	0.06824158596911939
-0.08887056305076185	0.0717446958152604
0.02461093246016868	0.1200141507165979
0.04749625511337887	0.1501257015351073
0.08105845779434009	0.1548262979079757
0.1081068926047204	0.1376805244865492
0.1217739061146198	0.1077220601465387
-0.02549993188065814	0.122488403987736
-0.06071320995820068	0.1545212742743817
-0.09169469270376793	0.1511879185095676
-0.1088719677463756	0.1416783536356758
-0.1317572910090605	0.1115668116214167
-0.06207222473085733	-0.09637537879567031
-0.0187738149087278	-0.06485075742180622
0.006568242380765822	-0.07022830248370694
0.02762315575482935	-0.0652048276245092
0.06356018976117028	-0.0948103094554695
0.0307615688696317	-0.1363058269750537
0.009064806806126049	-0.1449396369230425
-0.02232616086754167	-0.1423581055837535
-0.01891986814552757	0.07896431412566544
-0.02539371391820752	0.01789565023744114
-0.0355394099159287	-0.003013558702927311
-0.02818023347376938	-0.01914504456522578
-0.01332472283234051	-0.0276257458882885
0.006528406496942066	-0.03100597588227993
0.02580829865863724	-0.02610543004388443
0.03935356085058112	-0.01565863056308733
0.0370738839228814	0.00439037816675267
0.02212319822789878	0.02712819176610524
0.01197975077245934	0.08348062837520888
