-0.09227961763301747	-0.0123190996518741
-0.08764763558116577	-0.06827637078330835
-0.07415685789852298	-0.1413755988789238
-0.06567969030252993	-0.1840258653416978
-0.04901881970477581	-0.2280135532996347
-0.0337444698299255	-0.242821522514803
-0.006532084240333371	-0.2517333295230791
0.03380223874176584	-0.2365423094739912
0.07327972700085594	-0.2176936134286843
0.1210136258935481	-0.1953235988678345
0.1590501027785451	-0.1509392803777113
0.190725516611664	-0.1052448171774868
0.2092399787248557	-0.02533470042234814
0.09417206370277431	0.08208793158431228
0.08352697208624252	0.101686481232413
0.06360516491775503	0.110489216991109
0.04248125703618365	0.09987063487579326
0.03127282187075453	0.08181397898559631
0.05389226699203461	0.07054097113102308
0.06756207215066171	0.07033646297761612
0.08128636701374252	0.07377598784012819
-0.03339451569445576	0.0852113534569543
-0.04137832317411544	0.09991026100382475
-0.06312278823781892	0.1087402828583685
-0.07786745130128686	0.09802626356873026
-0.07815820923583107	0.07859132052450374
-0.07471281595312396	0.06517527172713476
-0.06195435343778855	0.06498439778423321
-0.04545974901598814	0.07081240014285609
0.0146846586343455	0.1306603888736583
0.040583230862379	0.1557870225382759
0.07348159605035759	0.1613696151939593
0.1005667660878262	0.1439550263892636
0.1302405214001204	0.1167820372568027
-0.03456295008874229	0.1289672656519611
-0.05787564234915844	0.1548301100743206
-0.08350162005779621	0.1479237297282359
-0.09735313964853905	0.1359814141642617
-0.09866425633743603	0.1092720036785324
-0.06176453077185887	-0.1051123232044597
-0.03757956443731419	-0.07267032041355879
-0.02775495372787098	-0.08618182406008763
-0.01302845367380774	-0.07668246737527144
0.04309174203838387	-0.1030361309330141
0.005346032263469529	-0.1279854974738681
-0.02394342465074872	-0.1360519953539508
-0.04845819050337721	-0.1296104692113468
-0.02885610136225521	0.0839285037477434
-0.04491186303403915	0.04650507370187974
-0.05161821069756478	0.02473618865108463
-0.05836090327196834	0.0005379244193980507
-0.04953846078085799	-0.01903335734868375
-0.02877799066856065	-0.03270841349259195
-0.005995012205150439	-0.03304925996411039
0.01049961016198294	-0.02722126691627378
0.01456285491387006	0.0006619316103684741
-0.001495639997481328	0.02398632614324817
0.001181101571091191	0.08104920698100126
