-0.1896913403939626	0.003549252052691292
-0.1751797264889082	-0.09092940478642617
-0.1384239537563586	-0.1648005962178605
-0.09381548464042487	-0.2170233505843105
-0.05393538946025776	-0.2477347609874267
-0.03303137359794666	-0.2690696515591726
-0.006058913415147815	-0.2699734150029868
0.03058970807768336	-0.2516047475543546
0.05628474560251162	-0.2177822858494316
0.07908787482552637	-0.1660223572283718
0.0929307225484628	-0.1167560702122152
0.09774785995969817	-0.063994315787746
0.103359116674332	-0.001640495482269994
0.0835600960359183	0.08319704142629239
0.07612273934563424	0.1058767220916635
0.06166601882798016	0.1129066798051385
0.04288585539190332	0.1043163321692626
0.02867731791179232	0.08858822709995581
0.04049037547003319	0.07673768311492982
0.05670519596302596	0.07332069520391647
0.07377950855593247	0.07350689535652678
-0.09885224211849077	0.08000986929934757
-0.08198693477440716	0.0993607622487936
-0.06323288708704858	0.1103467077368692
-0.04428294076377854	0.1033657320757754
-0.02877080276655364	0.0819720415684027
-0.04579285750714199	0.07699468166136832
-0.06189012641594607	0.0696315241506479
-0.07988920671982502	0.07183109505240999
0.03003049646488091	0.129332783910245
0.05224850359368238	0.1523358735250095
0.07737141934273829	0.1562036610073058
0.09455022118818339	0.1468075146156744
0.1011020237117587	0.1229202264930118
-0.01126810665857277	0.1252886227815177
-0.04128921401397202	0.1585034219394238
-0.07900627045346671	0.1556962599045155
-0.1076715461831795	0.14699810343967
-0.1271021785439674	0.115639866223185
-0.05188215561519761	-0.1063559086248526
0.001657888776003417	-0.07103192824981042
0.01707856361071626	-0.08404101799180605
0.0313001544106794	-0.06951070298262535
0.0621938167809384	-0.1003201664418908
0.03645959206672801	-0.1305492136851745
0.01039881933687183	-0.1308334136980908
-0.01300520164982344	-0.1274947992815543
-0.01160508098470638	0.0737736849452492
-0.01178529938861734	0.007885249822112613
-0.01784070851006467	-0.01374364081663149
-0.009596135692996787	-0.02802894711464116
0.002945746853475818	-0.02429838606385964
0.0236538104951682	-0.02766634715515036
0.0398033730118338	-0.02509435792457193
0.04949252426748525	-0.007019628626944876
0.05115919732193532	0.004977888842266767
0.04094755484181736	0.03481492743809633
0.03060523633543564	0.07662988290889393
