-0.1403239009576182	-0.05608792667116449
-0.1296069325515807	-0.1088609261793828
-0.1112293584719708	-0.1565141249486811
-0.08780508830866682	-0.1925011269664912
-0.06293004836784431	-0.2170815065471638
-0.03570093218350801	-0.2341661059523654
0.001295668046736243	-0.2402433622909215
0.04242606048350593	-0.2327203083564336
0.07237878567053405	-0.2148819249838935
0.09694269755531197	-0.1877273020637452
0.1182514491406529	-0.1542997869185312
0.1308869803365524	-0.1061970797377409
0.1425553437972515	-0.05072868069052132
0.09855502329255833	0.09184072414160106
0.08716101657646858	0.1088582341453944
0.07131167222129096	0.117179094275223
0.05206649128987812	0.1094393579958097
0.03214878141690285	0.0881506615360633
0.05254456210034368	0.08360570409525482
0.06650249227345759	0.07771103557149225
0.08777567955535932	0.07564350880651802
-0.1062013610205986	0.08066799375754287
-0.09085282522936411	0.09941095897996657
-0.06989835238587509	0.1145658986672893
-0.05125742186053014	0.1050660975082457
-0.03520316237898787	0.08567366277375042
-0.05444834364926213	0.0779339448054934
-0.0709929819967834	0.07393600654281589
-0.09037475492719071	0.07357733254614597
0.02029947894386054	0.1297716180441246
0.05009634140762132	0.1660103247011323
0.08138528294317335	0.1715117185533724
0.1112381247036319	0.1548358395351157
0.1323396017800768	0.112155472473518
-0.02589313181564534	0.1313779833478836
-0.05052703746731992	0.1653788162829827
-0.08571263329862838	0.1708806512043223
-0.1131276849114823	0.1556061537440171
-0.1356093187497739	0.1231946432709744
-0.06490042906890447	-0.1056182523036765
-0.02578308735495796	-0.07412945970541165
-0.000727080864506758	-0.08104936985194859
0.0185408474842539	-0.07453983232153626
0.0587281754007782	-0.1008692110581237
0.02863535490209988	-0.1211156406868264
0.001106467354885291	-0.1302392469772242
-0.03221046985070106	-0.1259334600158491
-0.02207710853334182	0.07484123084292142
-0.02749401980032889	0.01333549426329432
-0.03326811256146791	-0.01889119701649941
-0.02561246779722136	-0.02846995945047291
-0.01363824020308663	-0.03194013507427755
0.002951946048861127	-0.03040249258165823
0.01995745780780863	-0.02885721913662782
0.03234947391064155	-0.02247493459008656
0.03570206175735911	-0.004078283605922035
0.02788599659292029	0.01915837252080746
0.01938697177237055	0.0793003217500975
