-0.1023828714123553	-0.02256646306287517
-0.0931979303054138	-0.0752962414417349
-0.08499536827221191	-0.1292350154988896
-0.06656521061662155	-0.1848168162302979
-0.05876646531031846	-0.2250229126389109
-0.03903447566918574	-0.2469860832197307
-0.00569378842475602	-0.2557591862828654
0.03732608730492524	-0.2561780192029118
0.0772360805728322	-0.2402654249950487
0.1179175530186238	-0.2044306577982312
0.1627213819430648	-0.1587794702238546
0.1920301251852437	-0.1025522575094382
0.2095804491675954	-0.03589372481326793
0.09995158274368761	0.08058174768902172
0.073101832530758	0.08785649180962653
0.0557383956416885	0.0985048841468944
0.0434013791203777	0.09399458783876902
0.03185385975640539	0.08571273050986329
0.04734897252176377	0.07513668575942818
0.06131323492543273	0.07334896319381785
0.07827289107878313	0.07643321926892159
-0.08274121613404896	0.07393919436467818
-0.07655761870064454	0.0886637668175221
-0.06323822418213108	0.09438303100315512
-0.04833978225928511	0.09255910612564952
-0.03270004165712634	0.08571845003796084
-0.0452299112175138	0.0762276237550107
-0.06032121544636562	0.07307101901653722
-0.0743337112427031	0.0736136284297025
0.01078392731769804	0.1214447232964713
0.03829062525023001	0.1552956523969646
0.08155155961086891	0.1611024636807251
0.1025552314105248	0.1478190921102524
0.1315324490203093	0.1230039544196133
-0.02859572133294346	0.1192286144098753
-0.04784554630097807	0.153643099404868
-0.08624277916900897	0.1526359754942554
-0.1000925735475173	0.1332202374073584
-0.09707914256683239	0.1143984998545048
-0.06191843983416709	-0.08897755397595783
-0.04310853062621493	-0.06227184445637384
-0.02481092348489762	-0.07295643874669125
-0.004855945564225315	-0.06500014555853316
0.0590711529959418	-0.08119259560549197
0.008903401782087265	-0.1204010773228594
-0.01763898103195915	-0.1293492656741654
-0.039221223368848	-0.1310075392708966
-0.02975289875743485	0.08934534404470872
-0.04682102918936395	0.03513815248696209
-0.05698236453154652	0.01433254867815123
-0.05485488858545368	-0.003207863784587211
-0.04623647489016941	-0.02224661665599719
-0.02582946538378808	-0.02677788724624431
-0.009852195418032558	-0.02490257088901489
0.01000637879157869	-0.0194365528523123
0.01775093402634792	0.01143863228639728
0.005395827902069444	0.03062213772727603
0.002201640815230504	0.09309596749223843
