-0.1378932883589853	-0.01826682836931403
-0.1349931069135908	-0.06456538000418981
-0.1224064044383272	-0.1210610892301405
-0.09568270515135323	-0.1733266714603512
-0.06894792671745049	-0.2241462937421264
-0.0323382369350051	-0.2605801188793931
0.007714513437718135	-0.2724561207505166
0.04143513362070841	-0.2611453807406874
0.06555780673586796	-0.2280691035123202
0.09415310415403304	-0.1776734925709974
0.1206561002898199	-0.1171389120101836
0.1329889253446648	-0.06517252174316429
0.1355686856266541	-0.01168529271707962
0.098405920101274	0.09416732441930181
0.08657168799367986	0.1072732214807929
0.06819480821605933	0.1160908348721211
0.04864442418218546	0.1133483492347201
0.03331176391328523	0.09466608492880595
0.05063695331132872	0.09019495484853766
0.0647074596139906	0.08574868726432135
0.07994040162328767	0.0914165371534693
-0.09909070650575956	0.08989601508183102
-0.08813086585254262	0.1042734024807978
-0.06963214024139064	0.1113623281329376
-0.04906329448557361	0.105420192237895
-0.03291162027094094	0.08938894168689104
-0.04922949174983573	0.0837294800188169
-0.06770609036429154	0.07953260365774105
-0.086127257164162	0.08256602185422073
0.0259833312025455	0.1294294866236468
0.04780323977851226	0.1451697613192511
0.08805550291315899	0.1593227060890016
0.1052698830704341	0.1403910618169516
0.1170486514890497	0.1200549242564602
-0.0293910000447642	0.1240692164239936
-0.04986011628397364	0.1430258312267446
-0.08780955063587052	0.1462088454460507
-0.1139247740747944	0.1362860058177254
-0.1228034253740342	0.1103236245248134
-0.04966253203239648	-0.1143877328862095
-0.01042876307131837	-0.0915501878610982
0.0003759703917226318	-0.09741753129076788
0.01670492200708688	-0.09031198052745042
0.05567274282775082	-0.1021796049397341
0.02068996892590719	-0.1366188445529916
0.001095201421986023	-0.1451454708319156
-0.02058066991527241	-0.1420871792122263
-0.01767867834410558	0.09505678081380507
-0.02367934042774501	0.01990371299185187
-0.03690870570551657	-0.007471474227552023
-0.03714138222182285	-0.03783851653564416
-0.01545439953339546	-0.03945085921651729
-0.0003211761960102362	-0.04679747755530535
0.01817758170184383	-0.03970855215055085
0.04098271282727119	-0.03699100483961042
0.03695333558987958	0.003531632034227246
0.02511910348228543	0.01663752909571831
0.02137781321624094	0.09475752452459493
