-0.1359257300060039	-0.02923988028350443
-0.1315077010944498	-0.08200984993798686
-0.1182909504630846	-0.1362425148529228
-0.09187632547878662	-0.1919362869127591
-0.06326636131667818	-0.2359022987618804
-0.03575984781690522	-0.2696075829198868
0.003834739129032803	-0.2769228218473318
0.04232376225806072	-0.26811373817994
0.0654080424349287	-0.2373220810638988
0.09508625613022047	-0.1933351714515228
0.1203622074995493	-0.1405545557656698
0.1324386860421186	-0.08191521858540249
0.1368172875662197	-0.02474449110703475
0.09938182028763461	0.09544392191993314
0.08618083624186063	0.1057003232538636
0.07188214988173747	0.1100928335609172
0.05208723231753984	0.1071539823985128
0.03779642925216801	0.08955835546017106
0.05099531108835528	0.0851654508458083
0.07189108428323791	0.08517294250084545
0.08618714287453254	0.0881098221853754
-0.1062727428531342	0.08510906633217941
-0.08868210976629821	0.1012400156106739
-0.06778844969078741	0.1071110039813672
-0.05458850584588885	0.09978636737580973
-0.03918688346506407	0.08659900083399838
-0.05568093081083349	0.07926371819315883
-0.07437659122208434	0.07779113278268646
-0.08977243251774457	0.07485385879867019
0.02568414766444351	0.1305985279477965
0.04657202665478981	0.1525941568443175
0.08946068434095199	0.1599389244298159
0.1081632096773832	0.1423551046017336
0.1191709567627564	0.1145074245179502
-0.02930151785373845	0.121783562552668
-0.04140693452801697	0.1437673625310938
-0.09749713454855016	0.1481448895398075
-0.1106891841889123	0.1334813889038812
-0.1194779640513485	0.1070924720032961
-0.06552214996216429	-0.07905443828320864
-0.009433526603710506	-0.0790343291150151
-0.0006337428673651785	-0.08342877818623361
0.01036244206723637	-0.07902723176728713
0.06754978610961014	-0.07607496357905723
0.02906706960934283	-0.1024745374051521
-0.001723036327721204	-0.1127466997305216
-0.02372012526164291	-0.108356916763137
-0.01719032009429543	0.08367512204841458
-0.0248677332663782	0.02503732931326869
-0.04135595588784283	0.001577406162247294
-0.04464424557419393	-0.02920715359824306
-0.02154791040884469	-0.03213063808825191
0.001550570589585941	-0.04091757564304243
0.02024363598092069	-0.03211565477817761
0.04223914824102877	-0.03210776883929987
0.04222600941644324	0.004539126569692162
0.02572146191296755	0.02652138207952806
0.02130290745781744	0.08075720136688593
