-0.08890063079933097	-0.01590643407136327
-0.07573021316691265	-0.06690313299367415
-0.06707484342049672	-0.1265132342401074
-0.06034597228513871	-0.1730376724480172
-0.04912961994687105	-0.2123980548372833
-0.03886271882956823	-0.2444910082706649
-0.0141838830203169	-0.2623593966153104
0.03488647413077952	-0.2560440283770453
0.08004867809318547	-0.22645608059641
0.1132771859374051	-0.1951910608899675
0.1566233316377631	-0.1467200133997646
0.1815941795565327	-0.09209969696396468
0.1916451038005192	-0.02124661321141151
0.09593224669304526	0.09366646457075645
0.07554777120888692	0.1085533242671606
0.05279541305292704	0.1133360823445633
0.03417188383305306	0.1064411381229122
0.02728892050396848	0.08772361322202185
0.04017204606404193	0.07877910196411128
0.05751504094315406	0.07554919297192757
0.07828571277683997	0.08095338437498015
-0.08886830945983387	0.1000839229186024
-0.08092555431191099	0.117331317153228
-0.06464235186762064	0.115571506466684
-0.04738210100659819	0.1079935156318759
-0.03458174185967568	0.09470087979449676
-0.04556597822862825	0.08911040390346658
-0.05978475988746293	0.08503141187875719
-0.07604039462202132	0.08824062300515467
0.01384261845517202	0.1242267541142286
0.03486159744059604	0.1426751680341096
0.07520524745651465	0.1477067560473043
0.09230001069201349	0.1314326231009975
0.1136614812745126	0.1107276166435932
-0.03943933383983339	0.1252409743824236
-0.05753864827521863	0.1458838965920491
-0.080291017834037	0.1506666225141547
-0.09556959254367693	0.1480576964344601
-0.09709842324930194	0.1248886204984692
-0.05146520593284275	-0.1065119608587881
-0.03591074454821868	-0.08940935809336474
-0.01973787478951642	-0.09696661829110585
-0.008753661226280714	-0.09137620671066993
0.03987527909279156	-0.1082506240876962
0.006784671849219734	-0.1322687830562128
-0.01733095346806107	-0.1419589386668474
-0.03785337167372799	-0.1343188849526826
-0.0237078815291388	0.09449389620876605
-0.03462551215468907	0.03525636640222163
-0.04817072988352655	0.0094162363752741
-0.04992024691809412	-0.02534770581183083
-0.03826247897976918	-0.04151836730705532
-0.02431954999267116	-0.0519329662890585
-0.01110539463119211	-0.04348516198998567
0.01825405199238228	-0.04404401812317978
0.02663822458831285	-0.003606805912637851
0.009653879717418405	0.01846474254161878
0.01225864339115861	0.09815897458573329
