-0.1885915374816996	-0.02695852627345257
-0.1753920117745531	-0.08111359184975248
-0.1587658591504358	-0.1379459327551231
-0.1212421904183825	-0.1818784596639342
-0.07145844165153839	-0.2308233870966776
-0.02709511041079157	-0.2627459296713388
0.02094145541646986	-0.2669407296716396
0.04616451468899615	-0.2537670309649065
0.06407809879342101	-0.2280320112926363
0.06764659783438255	-0.1814982247024131
0.07499313992291479	-0.1260425303040056
0.08756408520913195	-0.0673619239572029
0.095718303596906	-0.007513749649359829
0.08896642654324131	0.09914583018979675
0.07742278150118274	0.1099920519477945
0.05858322111367924	0.116035046914622
0.03750315870847638	0.1060179007657083
0.028592020849307	0.09242970085001753
0.04085204521080591	0.08741732911241354
0.05617379970094621	0.08549298705533752
0.07446584652794817	0.08809805741633095
-0.1045081112007962	0.08545117329180177
-0.08271169160965662	0.1013021788301967
-0.06243931555184889	0.1069268336633899
-0.04486363867519965	0.1036980761374936
-0.03520901515692644	0.08839090047540386
-0.04980077211541505	0.07878447310096183
-0.06899173790629964	0.07322828560960032
-0.08440466730243827	0.07659394088404317
0.03694222070477086	0.1320305870414049
0.05098652914513755	0.1502850730908432
0.07981862761058034	0.1578987339752534
0.09028094752440191	0.1469840610351688
0.09254842511793962	0.1283150005856045
-0.0132436004011546	0.1187238187835829
-0.02876132359456864	0.1408954174545235
-0.07580780356290517	0.1465999777798838
-0.0976954651396198	0.1321903242933375
-0.1115572896088362	0.111053134140202
-0.04109220966630298	-0.1102371371233774
0.0084549209359256	-0.08684095813871048
0.02405033430321441	-0.09308931751685059
0.03873333324727798	-0.08492424219425701
0.05703900901371033	-0.09968379060610971
0.04246074086173959	-0.126654834854033
0.02444235494908327	-0.1335839547177474
0.001368551634286862	-0.1292560958935766
-0.01186147515818587	0.07973898617475313
-0.01460880447776023	0.02023315984452089
-0.02306381021584997	-0.0005617621749966715
-0.01510214894687652	-0.04057721801305006
0.005261467059309135	-0.03639388305004831
0.02752759407486372	-0.04511422178365478
0.04221059301892729	-0.03694914646106132
0.05436594226162536	-0.0231555780596638
0.04992216673400816	0.01274115453156509
0.03674966154877311	0.03216698907716534
0.02543911581466728	0.09078298438685643
