-0.1358538517051212	-0.0245235919592204
-0.1316122840616237	-0.07270578185835747
-0.1251888430841517	-0.1238136025728555
-0.1034294050084963	-0.1735060020070358
-0.07728522256933405	-0.221751304513372
-0.03909040806390659	-0.2685717091493285
0.006879787366104656	-0.2774624950592715
0.04306118942057111	-0.2629699455150811
0.07972275703252245	-0.214905729280912
0.1045400513899349	-0.1726461532332241
0.1299806916577314	-0.1230899669558593
0.1366904095906746	-0.07493936588872432
0.1368040913500409	-0.03552792416243965
0.09336938023873391	0.09305046053048992
0.08026993757425845	0.1076852034458053
0.06276049884900201	0.1121147693466967
0.04850274178282457	0.1048574330687897
0.03532750041507989	0.09321788153125174
0.05065088800716783	0.09025427901681242
0.06815618146163295	0.08436502386562042
0.08349220041254421	0.0857804885380323
-0.1015721911746049	0.09069336438642986
-0.08510312041429345	0.1052428173331287
-0.06647329382953496	0.1095681726136819
-0.04788132863616266	0.1007563588307485
-0.03477766456104594	0.08758133753745534
-0.05232502979716597	0.07887375629026018
-0.06985973098937941	0.07454527472698252
-0.08517890825387101	0.07896852284893886
0.0354411821744462	0.1326293232575363
0.04644300376784571	0.1501139053683775
0.08918254810743628	0.160208477875015
0.1022820559853978	0.1455737456353741
0.1120834480660186	0.1265694557347168
-0.03685003393484796	0.1284587426501921
-0.05322226468488503	0.1474819969080265
-0.09263431792378067	0.1519747731893415
-0.1101984922552454	0.1374284790537698
-0.1168408431604845	0.1126328269373322
-0.05506685796097252	-0.1123382805398688
-0.01118166313824182	-0.08473068506915954
0.003038210871838539	-0.09061049606468367
0.01400634909239884	-0.08480333954257886
0.05337210932701527	-0.1053526086621536
0.01934307459417164	-0.1329886992732154
0.002903476973111559	-0.1373203396476201
-0.01351927886752054	-0.1358132346365817
-0.0172471846854652	0.09045013006978551
-0.02071779790568587	0.02623359207139544
-0.03390990268723346	0.008755327802161556
-0.03622226678191053	-0.0335691634060639
-0.02089463605179801	-0.03507304436115307
-0.001203356959676075	-0.04242837134769636
0.01743913357498061	-0.03372394897430063
0.0338450478232015	-0.04106973418863225
0.03723566284491218	-0.004587147145640676
0.02525657544886378	0.0188025170451279
0.02325999394597554	0.08595422750574604
