-0.1346694695458773	-0.07404815358764173
-0.124499084711609	-0.1405568347617738
-0.1053338920844417	-0.1780058619022043
-0.0871135934685205	-0.2021501393361629
-0.05255947453419671	-0.2250388409545934
-0.01442573514999109	-0.22977102925132
0.007360619472110593	-0.2309197054153512
0.03367152469602778	-0.2272166628813202
0.06451039844165452	-0.219871601531574
0.08988313765252577	-0.2052832813876162
0.1106669320013533	-0.1725613092063099
0.1214600593470488	-0.1374478418964998
0.1267430221162765	-0.0793642148636885
0.09723113589140266	0.08750092556717125
0.08539131941799501	0.1019849262212506
0.06449223761370905	0.1103947334366167
0.04635674282274836	0.1042950534076174
0.03006361528021264	0.08852241182715417
0.04732537445904337	0.08252195381350007
0.06639565318098711	0.0789461192412421
0.08182187219993695	0.08019913295287655
-0.09610283377079686	0.09058829972893546
-0.08253258228180441	0.1063532998139347
-0.06711314540899109	0.1100258304888078
-0.05076236963691404	0.1052325823835538
-0.03619630400628649	0.08954645118740648
-0.05070811251829799	0.0858764646848926
-0.06703515074104015	0.0822013899133744
-0.08156391463101194	0.08458020032076957
0.03539066198670873	0.1308791831007258
0.04803294765487597	0.1539001989319444
0.07887515851491995	0.160035479139582
0.09887342999284768	0.149203655907692
0.1143640793874754	0.1274712629703705
-0.03906837814501856	0.1427681378903109
-0.05727850352911598	0.1632831353775993
-0.08814786998457906	0.1668259229472024
-0.10808168415167	0.1546723666167238
-0.1179807563315088	0.124400441366015
-0.05654603237732324	-0.09802447156157602
-0.01757926823981742	-0.07613942909031721
0.001487610443290688	-0.07850551871163025
0.02234599937075748	-0.07239822414756375
0.05507472444186533	-0.09166276107396334
0.02154347625520388	-0.1099032767987876
0.00158256053967806	-0.1123787742042214
-0.01475466892213661	-0.1124245690795454
-0.01440654924439706	0.08718799405793307
-0.02150478681819138	0.0290993056408002
-0.03597927543087009	0.01212194437826409
-0.04132666862625179	-0.02297625799834275
-0.02044454222516427	-0.0253372593001753
0.0004613036675333891	-0.03616656552200747
0.01767560583065724	-0.02523040474251423
0.0394653876286578	-0.02758887079989778
0.03482551373355277	0.008691126772389568
0.02297213291739597	0.02801417936019537
0.01737040955737051	0.0836477505597369
