-0.1270824958781938	-0.07026335929294562
-0.1224649913922705	-0.1186415381393468
-0.1054493541703087	-0.1669711451022099
-0.08759898064154532	-0.2023131044119418
-0.05646489660451603	-0.2376030224301747
-0.02365675059315269	-0.2480980642439478
0.003791659075792551	-0.2468101546459819
0.03211179971420215	-0.2419776064941067
0.06480895281493979	-0.224143585904748
0.0948308398696552	-0.2015984032400469
0.1114950534801087	-0.1602192523501229
0.1246308113828862	-0.1223950954937492
0.130603315815213	-0.06453228316223115
0.0901555562705724	0.08758042950488296
0.07768343407154189	0.1064179109596715
0.06171060220485327	0.1146181305752795
0.04580252006673288	0.1062930118256567
0.03258814833801583	0.08853529213186208
0.05208479377299105	0.08507050301504887
0.06624946647550774	0.086306397573178
0.07953320333868624	0.08635843896792723
-0.09405467726153205	0.08921954834618283
-0.08261146986224074	0.1069703291896387
-0.06493683886942114	0.1164827442933565
-0.04895011655044859	0.1047414259836503
-0.03827228035791423	0.09179888965990061
-0.05154676849519783	0.089386080616647
-0.06835893471113957	0.08577904529159698
-0.08164267157431804	0.08572700389684774
0.02976027914072868	0.1321989095682266
0.05183045494663272	0.1499913234448818
0.0854733372992144	0.152483920499269
0.1032358220244809	0.1395691395424578
0.1148316415320914	0.1183674211344538
-0.03847112700098677	0.1425551481235614
-0.06066616887519214	0.1566329656927363
-0.08811920280383478	0.1565254135641101
-0.1049036404464504	0.1458360840096843
-0.112786013018963	0.1233776631742557
-0.06947344235861438	-0.08184166744997379
-0.01638939786612238	-0.06864932386672355
0.0004505318565289168	-0.07212452992355746
0.02343864715590497	-0.06259132465815259
0.06689687443156381	-0.07894660866954957
0.02988744981209549	-0.1263074400960391
0.006894666362584467	-0.1346602968491587
-0.01881954728468512	-0.1264982583943141
-0.01787152455903841	0.08361603479170625
-0.0238440201031443	0.02575319613969235
-0.03795320065679193	0.0103527484003619
-0.0431464520429653	-0.02035788941731969
-0.02453537559524661	-0.02382614790767732
-0.0005691780733363108	-0.0378970530158426
0.01885816365314019	-0.02365614602275202
0.03655128338161203	-0.01886528382040136
0.03733509919266691	0.007106532983178724
0.02043972992772153	0.02474631878262661
0.01667538023890195	0.08139058332048738
