-0.09158958125150439	-0.07323815215909403
-0.0909146374416694	-0.1169732770142569
-0.08035340440837786	-0.1567031103388997
-0.06810276185700322	-0.1927249720677843
-0.05147450357015577	-0.2237257978087463
-0.02457773641709848	-0.2361208828852682
0.001834517278093429	-0.2351625282173585
0.03375540471597494	-0.23521981993524
0.06103437475345962	-0.2330144926727267
0.09524708638679291	-0.220833185231929
0.1315313923530176	-0.1903434945119844
0.1627333167484411	-0.1454517433858661
0.1747067789656354	-0.0733000681999172
0.09225595546539889	0.08780694309388143
0.07650861845149026	0.09452883144660483
0.0570301254052358	0.1035464305081976
0.04068037535307482	0.1017376461239527
0.02841416958788663	0.08792158041067802
0.0425161437485871	0.07627779442201968
0.05813131169650315	0.07319773741521307
0.07634668929237762	0.07385867276545628
-0.08469713853230691	0.08867956574280529
-0.07511918415855609	0.1011825654247991
-0.0614136371938412	0.1004643125635391
-0.04952960720865189	0.09967996692124824
-0.03369420233030566	0.0905301803306542
-0.04422696735956871	0.07920808723883864
-0.05597883665792831	0.07635058313777021
-0.07228455778701021	0.07332786302289254
0.02721063691176656	0.1462241152410268
0.0403435854680294	0.1612871726019939
0.07204424501029019	0.1672996107957231
0.09347641572289994	0.154706254771802
0.1144823178331186	0.128726438897804
-0.04191955481281458	0.1412846690320039
-0.05815141399157486	0.1613599877665262
-0.08191945458104134	0.1629286435675164
-0.09596314807485268	0.1478325403077689
-0.0951262460345369	0.1247675209083673
-0.05623162762721947	-0.09261946352363411
-0.03065628402368298	-0.06859611688857467
-0.0132636012427152	-0.07039613536543854
0.003776673574889978	-0.06248453870374105
0.05588082317258708	-0.09098261622540678
0.0117818152479274	-0.1071692697334048
-0.01076713141854517	-0.1140651671117473
-0.02724904215753587	-0.1122321017526332
-0.02203040122420689	0.09581559170440261
-0.04237697432467492	0.02822228103566272
-0.05100013611253248	0.01453837410784435
-0.05067758022950137	-0.01948518916196772
-0.04043888697656165	-0.02519140435229482
-0.01827216126413547	-0.03289591996863422
0.00141233667747458	-0.02245733961464223
0.02335885026913607	-0.02409206142005783
0.02277200175599043	0.01721515714589487
0.009536751988922369	0.03010594316140852
0.01119768643510707	0.08486578663694486
