-0.1777197266815372	-0.08312977970951675
-0.1647585533415618	-0.1275998252895205
-0.1461750262996169	-0.1672655622712465
-0.1200792218968083	-0.1997071695253669
-0.07742580840735024	-0.2336979486076108
-0.04731210754179463	-0.2490211598573616
0.008951884767646233	-0.2464266849691208
0.04409984155773409	-0.2397380445550489
0.06481816712988572	-0.21680186779356
0.07949263471820649	-0.172867411338905
0.08568605415319841	-0.1385950322795565
0.09008468565026768	-0.1018312473018759
0.09448338200026007	-0.06506741787289769
0.08460877441575868	0.09111815694254415
0.0765322589963464	0.1023293961422633
0.06365935626455151	0.1038071843989287
0.05163634219183207	0.1015835818272694
0.02931358679506401	0.09096149194056687
0.04565708611402653	0.07836172892516965
0.06396188214324416	0.07186547887642722
0.07787492305160733	0.07650903770232502
-0.09618236635880038	0.08233893746864032
-0.07655181615717606	0.0966981138300903
-0.06082021844271641	0.1000781217850598
-0.04603358379741655	0.102248155207951
-0.03337489978332576	0.08971981444204134
-0.0502656432631464	0.07407925132273656
-0.06594967653505956	0.0731549163784613
-0.07792513494923102	0.07338700527100185
0.03753975469345403	0.1350208914459405
0.04713243846750419	0.1544878225176717
0.07491087359786568	0.1613192687526892
0.0903093546642527	0.1475095139914207
0.09273974946164162	0.1302662116662424
-0.03332042205755284	0.1400790988730529
-0.05226088802814185	0.1613272922593643
-0.08537611427703201	0.1644256909219251
-0.1050066644786564	0.1500665145604752
-0.1220402111216426	0.1270589253961078
-0.04353539234815847	-0.1016981981464604
0.0002602473542990748	-0.07675266445174238
0.02602973873383723	-0.07848042087656165
0.04003797355731825	-0.06892546243977619
0.06273457918239893	-0.08656154070217352
0.03733893696856285	-0.1130920072556664
0.02524447131980213	-0.1189991081684941
0.006844491044974005	-0.1174142304931351
-0.006612797585652363	0.0916577587952903
-0.005157983510103782	0.02407304164520615
-0.02110377376737401	0.009642416682273065
-0.02443847958909354	-0.01977214824324011
0.004825459843807852	-0.03139400769689936
0.02778382156873667	-0.03552384163164916
0.04179204619140483	-0.02596893784697418
0.05117051053934386	-0.01755259583729528
0.04888283754681121	0.007057779817871823
0.03924950261344094	0.0330387871557642
0.02373886291986956	0.08861292821888667
