-0.1376783317017507	-0.07831577515481057
-0.1328039724464635	-0.1135504147085985
-0.122149929474835	-0.1623138171434
-0.1011416433048667	-0.2018453149351159
-0.0706838503481666	-0.2321071887877869
-0.03313858718632207	-0.2445450194055868
0.007271689416112229	-0.2534783808045263
0.04853703063073792	-0.2419119034023604
0.07482468510563803	-0.2200567984886441
0.09312074456838831	-0.1942445034408959
0.1061394833231332	-0.1645881249188964
0.1157908594701756	-0.1287514199115775
0.119863702708262	-0.07456236258628478
0.09152105102034108	0.09332050292582393
0.08292655724335932	0.1045507738824538
0.06880325919059033	0.1135956928435704
0.05427756828767115	0.1129936165435686
0.03241290715970028	0.08853809818662306
0.05216566865470651	0.08409028648422785
0.07020967071579624	0.08212967536564664
0.08036265877883619	0.08653807583665823
-0.09459895932794027	0.08538003940548966
-0.08399325200869653	0.1006413443680241
-0.06544630413064133	0.1107395241649017
-0.05127269911869653	0.1029004792838737
-0.03378201153397237	0.08767523271440572
-0.05202717113113415	0.08481230861887601
-0.06655286278274129	0.0842102143693724
-0.08208388606611824	0.08123410845646419
0.03522897184592669	0.1343237248308726
0.0469908789489943	0.1555766928673948
0.0797114052890856	0.1578358378810273
0.09916243982907876	0.1461527319578727
0.1126318711873548	0.1214313998410308
-0.03810307538542788	0.1361744815435158
-0.05453814943173911	0.1549796598532636
-0.08967104885725447	0.160068998355144
-0.1095753978059281	0.1391556490661406
-0.119075852326755	0.1069365842485899
-0.05927010222592891	-0.08883412438025136
-0.01951236851480251	-0.06995683003305858
0.007578720184272244	-0.07229482032543226
0.02788476137967247	-0.06347796815531191
0.05864434411464212	-0.08650455040763139
0.03140171058959047	-0.1095277768268817
0.008331201068696899	-0.1194372752629258
-0.01142156902671622	-0.1149894542114357
-0.01719541210856207	0.09423123596596633
-0.01825297937860833	0.02542071302482269
-0.03700109339314252	0.01049900736292919
-0.0393141580395541	-0.02322782163717482
-0.01956136101988826	-0.02767564381169681
0.004513778031975573	-0.0371356619912534
0.02497077562956278	-0.02470119805299355
0.03773733731613333	-0.02281779262885845
0.0408042081475306	0.007253686234612922
0.02627914829609188	0.02839515915787006
0.01974693994460349	0.08906640577235007
