-0.1356905993243849	-0.06415658367111125
-0.1260485706140724	-0.1281221585966318
-0.1195232432730974	-0.1663790703219729
-0.09875515429271298	-0.2057009337735817
-0.07085318450767292	-0.2341514366111607
-0.03813327049294204	-0.2549640285758674
0.001400736211441662	-0.2612525301759057
0.03518244342354353	-0.2414131355054331
0.06387915382026756	-0.2195643552044284
0.08791626640388994	-0.1873694682085759
0.1052169540542494	-0.140896295996876
0.1159953611164667	-0.095786888806561
0.1233652024175076	-0.03812913544175624
0.09641333985581416	0.09822531632861772
0.08547047643003798	0.1143733102282148
0.06771355656109332	0.1159972169331358
0.04865273918000866	0.1094242308464458
0.03670093335949796	0.09091491162547322
0.05445791106383328	0.08929103146317709
0.07120281524258588	0.09263054621980302
0.08281003659444169	0.09198485410649193
-0.09534302160450225	0.08190330789830794
-0.08144786128008019	0.1013040972474435
-0.06534243845453649	0.1119489938647755
-0.0516584363303243	0.1073711127316832
-0.03262252028100868	0.09113642804523289
-0.05080477577177606	0.08442367508868209
-0.06629862175343913	0.08328639565290143
-0.08022167648586918	0.08069861267481224
0.03688418526665312	0.1317066261114976
0.0581273560832733	0.1463367460400712
0.08283184026931562	0.154413218659007
0.09790037776312482	0.1472138966661674
0.114753917401733	0.122922046050146
-0.03161354540112599	0.1257936645140369
-0.05222027151604956	0.1434788468002724
-0.07820375049619728	0.1500131608779206
-0.09625251138434782	0.1384767289682458
-0.1116377741964835	0.1097080924774116
-0.06796281944850521	-0.0857352613791795
-0.01730272494261992	-0.06738004694904859
-0.002367666007583792	-0.06975570147635023
0.0179441604502544	-0.06098050799770526
0.06112580434040728	-0.07265168571852874
0.0278003941136095	-0.140588089187724
0.007994579165261771	-0.1518449984478027
-0.01378251044270859	-0.1471804209827947
-0.01656985972128903	0.09578664600035357
-0.02691990599775713	0.01939319835215153
-0.04326440440669064	0.001582605535950648
-0.03945537266523408	-0.02543672104878605
-0.02175124120727749	-0.03305530225712149
0.004924516252121867	-0.04090032507832691
0.02283981601160864	-0.02454022847564545
0.0398765584370359	-0.008040392534533059
0.03814436391706087	0.01504676285799271
0.02387363676294023	0.03292472333037726
0.02064830033120801	0.08626469822661029
