-0.1492554840010915	-0.03178542827156826
-0.1446123150051857	-0.08615781985363803
-0.1341642013688418	-0.1334289564738156
-0.1087162330138816	-0.1731598417455625
-0.07242004756965148	-0.2041838174862138
-0.03177726023732415	-0.240459808533159
0.007630601504904065	-0.2508625183313059
0.04880351575059757	-0.2338839612803154
0.08658643558165649	-0.2102429641947024
0.1191311090540503	-0.1841222751732189
0.1405493061945058	-0.1394247462640092
0.1480359909636255	-0.08174368061923858
0.1490210962334836	-0.03802143652872141
0.097698603206016	0.09328434203147841
0.0826804830728344	0.1075808922506071
0.05892242299444633	0.1119063143677016
0.04309592393763009	0.1002321272003668
0.02963771902503742	0.08184671376939001
0.0521141125069495	0.08291951553466176
0.06967725458178756	0.07966321535148781
0.08269879625907584	0.08574415391064404
-0.09910914191583994	0.09753919813865072
-0.08634758538304503	0.1090671154372628
-0.07019610537934858	0.1139325893150968
-0.05767624107444361	0.1090707460457285
-0.03741985576416821	0.09229453526265929
-0.05541965672068233	0.08324626936064178
-0.07061450610250647	0.07979137368463073
-0.08517764836293272	0.08455563003115983
0.03362275991423785	0.1270769820645763
0.04701596805697079	0.1468241503152361
0.09605542821968426	0.1491648113947314
0.1119652362651288	0.1376405256720582
0.1253300339549454	0.1150759599927097
-0.03617479478680078	0.1305697788928733
-0.05253954739812483	0.1516262991304416
-0.1050339278015997	0.1573098362914072
-0.1207954508419305	0.1442739034717354
-0.1269720879986419	0.1235063261537593
-0.05462339926576968	-0.1050651349054446
-0.01173215567203224	-0.08118031673018077
0.001177655461419402	-0.09421261942512318
0.01522082985154122	-0.0880829689668358
0.05623536905784626	-0.1106926043508211
0.02458232268880135	-0.134041031778268
0.002170897023501619	-0.1364756202188893
-0.01647887114787445	-0.1319063480588964
-0.01946673645632646	0.08086777710512069
-0.02662844992964842	0.01637798755229385
-0.03721671034393597	0.002224057291257185
-0.03872175840074278	-0.03060416706022502
-0.02211527108730693	-0.03527096533414305
0.004076077970218481	-0.04766932799528648
0.02201087395699972	-0.03725934829659849
0.03848733684252236	-0.03920262824754105
0.03692742307314291	-0.006520695001892586
0.02280099036848761	0.01054812984851051
0.01744286945762507	0.0798997742567341
