-0.145105048208419	-0.02153966257608599
-0.142961045468518	-0.07675273694591461
-0.1314889760910398	-0.1374751348031316
-0.09933307814592728	-0.1760839893069368
-0.06199350382043639	-0.2188271280360354
-0.02570957588093709	-0.24638732175806
0.00743654864962034	-0.2504848552935768
0.04056444395734565	-0.2407784409729646
0.070569067915099	-0.2186525618033522
0.1047053678119193	-0.1882388874478245
0.1336580219868144	-0.1536908055432176
0.1501483390096844	-0.0929315748885977
0.152126923139381	-0.02252862349816774
0.08776241157431461	0.09472045538166611
0.07428628844470717	0.1043654885015581
0.06185673308109729	0.1057295249057919
0.04529188683041562	0.1015664982037634
0.03185392691829741	0.0822232437522821
0.04738498128153982	0.08500449444473167
0.06809968136670744	0.08365133758810185
0.07845612762832113	0.08366497556889996
-0.1007195514787277	0.09033100723418312
-0.08934380428071596	0.1027696063425831
-0.07381822380894706	0.1096920321388672
-0.05413189315538922	0.1028159754691794
-0.04064849890008346	0.08764937550809815
-0.05513845940233086	0.08072831347742461
-0.07170876931147283	0.0807064927135592
-0.08724891258183813	0.08482720057259636
0.03592924117019838	0.1333033257742859
0.05351159116363999	0.1512716745204716
0.09390174596697352	0.1513248626645247
0.1156666699146588	0.1389299359722998
0.1250147630363506	0.1182362523442272
-0.03448371547277852	0.1249282269315937
-0.04486923604475866	0.1470009179706821
-0.1028835499360587	0.1607284828796824
-0.1183964264444689	0.1441432842634592
-0.1297612464337911	0.1234223554675326
-0.06421567140511367	-0.1042570251986207
-0.01142687390421902	-0.08210113220847563
0.007220232024239232	-0.08621775890899251
0.02585456215531226	-0.08067167452587208
0.06523454598318369	-0.09994537518599246
0.02902514731208275	-0.128981416237359
0.006251818775302466	-0.1372937495800493
-0.02171968738002624	-0.1304286033193521
-0.02200144425845174	0.08353268709833704
-0.0270924136238306	0.01726687081526533
-0.04156780105388157	-0.0006973248572004222
-0.04463837712739436	-0.02830934291708101
-0.02392004154702204	-0.03242323182630579
0.0009591059514410686	-0.05033567503552867
0.0216447214391134	-0.02960249261220096
0.04132017615727933	-0.02819614761151811
0.04335329395970396	0.0007948778187916788
0.0267647444864855	0.01457705626552621
0.02047271607535416	0.07392584030844514
