-0.09193547851597236	-0.03719214321614862
-0.08581991769467288	-0.08629415874793112
-0.0800948847751435	-0.1258160566193431
-0.06251722456082773	-0.1785634899383889
-0.04966043288618719	-0.2164237760311815
-0.03114495566016035	-0.2417156144796291
-0.005307761910748851	-0.2447749940333487
0.02960319194170271	-0.2433519065668103
0.07342054832247985	-0.2333405125645528
0.111657656400585	-0.2125896641060113
0.1589685033797464	-0.1873563290860546
0.1855429219749749	-0.1328091090799695
0.1961802325333363	-0.04052710578197369
0.08695102887970063	0.09073653505467658
0.06624782739240259	0.09400519333714134
0.05364737348756797	0.1003459313469793
0.04029905472078457	0.09980180914348251
0.03058901761816727	0.08569727662983077
0.04010911524804785	0.07923101378671382
0.05459577958648463	0.07707978479507377
0.06372533705277619	0.0801936901260468
-0.08252554714452223	0.08519897888315556
-0.07162135526038797	0.09523955818445108
-0.05929985531759774	0.09574182381178534
-0.04697831463166652	0.09624409109994654
-0.03534887075616816	0.08849290468251213
-0.04733564951581151	0.07977906229731509
-0.05652101619196672	0.07803375898356139
-0.07089610285381708	0.07744778227993585
0.01803377198937855	0.1413911943728874
0.03790014629996657	0.1586514463897067
0.08427317668262346	0.1564291763532797
0.09926199918916981	0.1419605853388961
0.1132797195791061	0.1260815523658407
-0.04756939520180999	0.135975245667706
-0.06067196528599308	0.1546333168037586
-0.08559391913361794	0.1604717891862621
-0.09752492859612516	0.1503893227514484
-0.1009068406875095	0.1324301556669132
-0.05651182626109809	-0.09880821219981749
-0.02979261576967416	-0.07304336389315695
-0.01799580662491642	-0.08490032829613421
-0.005953218655409436	-0.07755508792815655
0.04547539001866421	-0.1028760518065507
0.002852196944362348	-0.1169513578628167
-0.01454750517662791	-0.1190315356238845
-0.03092039096486544	-0.1210697956940784
-0.0281613325181356	0.08878589282672152
-0.03436728057979136	0.03918158069504216
-0.0496244145410099	0.009771374885416207
-0.04742606606790333	-0.01892729716912246
-0.03643286988024658	-0.0363005172769744
-0.02183462828043024	-0.0411889417780949
-0.006934810077406393	-0.028243733383331
0.01879077585326975	-0.02856591867319069
0.02025331380516237	0.01124891765912479
0.008289106757755869	0.02721170973095062
0.009829996320013563	0.09033454670009351
