-0.2003308091827193	-0.05037066252058889
-0.1898984245346121	-0.1003992849627529
-0.1739505756877836	-0.1543144680959758
-0.1368496217567545	-0.1914632914062581
-0.09315224383179758	-0.2155453456386273
-0.04499142956031751	-0.2435779935341706
0.01152879271861146	-0.2528074783209011
0.04846102561498829	-0.2350818020958768
0.06395724091656628	-0.1947352527928387
0.08314975519168752	-0.1457201547715614
0.09418247597609038	-0.1014230886588492
0.09503668169851838	-0.06337399939215176
0.09773910664029437	-0.02099066294837478
0.07838152753250012	0.08900931690097685
0.06780583987805351	0.1066612288336355
0.05256718484255694	0.1141786083046498
0.03948862034484033	0.10353237379886
0.03121452785327826	0.08332712108803336
0.04102301270096098	0.07829422187248225
0.05705790303241209	0.07504719543715625
0.06951071653766326	0.07861889925650448
-0.03801417589826921	0.09319124016740772
-0.04193723084787709	0.1056184822527202
-0.05507200722864788	0.1132637388485669
-0.07989239050133427	0.104718216296305
-0.09717873127576736	0.09381619496616692
-0.07852848879298928	0.08228434637343494
-0.0603045282453734	0.07776307897723279
-0.04469585723743189	0.08152663754500832
0.03909137943085818	0.1274323526884406
0.0528809471908457	0.1437510349073615
0.07366405653872385	0.1492364683956451
0.09012517853224591	0.1389788262858197
0.0902666139169941	0.1192852085664852
-0.02075506260308821	0.139274220167018
-0.03949054755482515	0.1522081628027643
-0.07551237264656663	0.1542400736730968
-0.1053367693952099	0.1411684425666247
-0.1217706051043992	0.1162451924252025
-0.04336635721600252	-0.1140074638725637
0.01716385460668794	-0.08499599864989457
0.03029869550239731	-0.09264128274499563
0.04371817043644011	-0.08760348039421242
0.06427283485520228	-0.1130925944164806
0.04522358247974732	-0.1297309949012426
0.02952966963727571	-0.1320924698612794
0.01269859301410412	-0.1331157411131211
-0.01001072505763136	0.06674777295222588
-0.008363863387728527	0.004926578748637131
-0.02030528878186796	-0.007057798122552359
-0.0122886835094591	-0.03471646974477736
0.01329889784457347	-0.03879005446153077
0.03274532281250019	-0.04605154275544222
0.04906492784235648	-0.03661560352718866
0.05662808631200366	-0.02208273147683997
0.0531602955136574	0.0002232606867689476
0.04207315269544586	0.02628791491162502
0.02498811919736669	0.08154130048418554
