-0.140698509720054	-0.03984300319411397
-0.13683818590839	-0.08636762099780314
-0.1268112870712254	-0.1327893689425505
-0.1056766700498231	-0.1795032301359888
-0.06784781652218169	-0.2162846481932724
-0.03637652344265084	-0.2386387144187077
0.004674633319306514	-0.2498087894070272
0.0466756028094101	-0.240886448386114
0.08020310154849414	-0.2170326121819448
0.1104988497498776	-0.1904921502138926
0.1418450443183048	-0.1529720230164342
0.1532411611044784	-0.09660101580825541
0.1502257661694516	-0.03910020231911325
0.09250990310695507	0.09285265390975739
0.07695638533119026	0.1008147438242955
0.05731468563669113	0.1073383674145024
0.04100769767013705	0.09884472254022417
0.03194068682903858	0.08773130275569349
0.04642070038110253	0.08249186610477115
0.06188281078803394	0.08000929575333789
0.07522083001174801	0.08160205114779834
-0.03586852781553572	0.08522977714851922
-0.0535918057957227	0.1000070143580248
-0.07015023335556639	0.1065820777202435
-0.08757640306144758	0.1035508055349089
-0.09968097810557412	0.08964623725868681
-0.08209479656596698	0.08308832043044083
-0.06663269618430638	0.08060573971354787
-0.05434530657260746	0.08355127905892555
0.03319628804012967	0.1357115740290529
0.05555561951820819	0.1511575090746436
0.0925320407682946	0.1531446765524987
0.1092047001823033	0.1397201724871788
0.1239133303731747	0.1207818569814698
-0.0387696606504908	0.1358811708355736
-0.05436885747273126	0.1465830719337259
-0.09148243599539958	0.1528152034258336
-0.1119004905176444	0.1442529511744633
-0.1269055018876519	0.1193378635587477
-0.05831713601357576	-0.109722397123963
-0.01254795661498644	-0.08018325168254573
0.003028395331192037	-0.08951523198089038
0.01417376920324446	-0.07973743975812789
0.05469058218573495	-0.105096500330586
0.02420067806567998	-0.1261591773374156
0.003691175052952475	-0.1292418903153284
-0.01994725823989277	-0.1296362621275456
-0.02362682676530019	0.09091508672595591
-0.02344329461754588	0.01829410432729164
-0.03559357742320546	0.007129234575384067
-0.03924752438114751	-0.02033704062403352
-0.02538627252094628	-0.03470121988889611
-0.0008776170419353282	-0.04025084394514212
0.01874103618193276	-0.03307222023978863
0.04007040428997007	-0.02983735784289455
0.03954706130645775	0.001531537757134348
0.02595769509821224	0.01500744115319426
0.01748351594180964	0.09160095114655518
