-0.137289307807225	-0.0430279414616587
-0.1329029963235255	-0.08721906167077426
-0.1166920541546811	-0.1392746855528205
-0.07902502120060301	-0.1849636512748185
-0.0501713177862014	-0.210111036112716
-0.02593026313153533	-0.2283611032787967
0.01379655365019259	-0.2403159879771157
0.05623880863027119	-0.2383331982524088
0.08721031077332661	-0.2257429077980996
0.1132732857936573	-0.2049946367879724
0.1381526390089571	-0.1792040960296472
0.1459449084258652	-0.1401343268675601
0.149240568927841	-0.08615984126656159
0.0865377291818285	0.0746842581397863
0.0722878818286978	0.08862952878762079
0.05638434812905585	0.0968665399017252
0.04468158299256789	0.09145937770063207
0.02943366115948668	0.07989995243927653
0.04474538395661315	0.07418407619927124
0.06070686085097763	0.06995071181223542
0.07578068045691164	0.06949909329742453
-0.03984892927078576	0.09023700161766458
-0.05226535266764159	0.1006226048400218
-0.06751902629602798	0.1103421823795089
-0.08478022390556909	0.1116103741865721
-0.1009738621502215	0.09982895156648521
-0.07880409434115007	0.0904028487076181
-0.06225080597160451	0.08364838917569034
-0.05279342607598922	0.08586841341515349
0.02705487585920919	0.1325424489990812
0.0470314735674956	0.1452118830767672
0.07647124547084259	0.1388223683678804
0.09858295913397362	0.1253925432437942
0.1170915210199138	0.1018067763553029
-0.04778608855143937	0.1495548560174946
-0.07456847142517575	0.1658783438499254
-0.09685424538397958	0.1672971152434448
-0.1171847861282614	0.151884540123859
-0.1297695252049524	0.1289800752308045
-0.05132576695703771	-0.09467009845376895
-0.009423054796575594	-0.06488355581985525
0.006184512756864144	-0.07185999394704437
0.01599585445194482	-0.06689682426114665
0.06347417281069376	-0.1076226335108509
0.02942759392839689	-0.115614723415639
0.006967721574314956	-0.1262070542909631
-0.01307266771628169	-0.1216011846650209
-0.02637074023582094	0.08808079672340041
-0.02842472535949081	0.03306772391021583
-0.04402655212896219	0.01876520614523719
-0.04070780498735157	-0.01237632060246583
-0.02628384602533866	-0.01431054527186652
-0.00322642255743848	-0.0275183448920165
0.01887955366932274	-0.0196691440472555
0.03454511850562743	-0.02264191285203694
0.03554314607690322	0.002862772045816219
0.02146734082864075	0.02881913174889001
0.01713908512048327	0.07701392511228243
