-0.1356937007896622	-0.07502268055260829
-0.1268547807619232	-0.1282375783328035
-0.1133776620308264	-0.1629603856771
-0.09716345943101279	-0.1975577388854298
-0.06862196380185161	-0.2218409929773534
-0.03693261659040873	-0.2350122510305397
0.004346923339506435	-0.2379949011356867
0.03696924735999987	-0.2316252067656847
0.06834478896456514	-0.2180008651578338
0.100987716298673	-0.1921320339461448
0.1196107503546005	-0.1595939772958141
0.1312897724783617	-0.1151877729343912
0.1382397862269711	-0.06734241669248972
0.09245184830679037	0.09385632199940268
0.0810575571645393	0.103083221804089
0.06629241152826881	0.1060624372464107
0.05277413266784731	0.1017869458292873
0.04238300908028479	0.08912436376530633
0.05452249412836777	0.08358756197504846
0.0656938444693269	0.07922500390248034
0.08120412148617513	0.07993586546953746
-0.09378282103812093	0.08775819154552823
-0.0814555267643484	0.09807226350984685
-0.06508863870817659	0.1000410271096839
-0.05380581775916733	0.09324629364570874
-0.04069823337712731	0.08653522837713638
-0.04572655861841876	0.07655569833660399
-0.06272716258090981	0.06846469794852292
-0.0756117802539954	0.07031144988148946
0.0341777876870899	0.1484614794027371
0.04429017181446471	0.1672044879908818
0.08728300622859385	0.1667376452697613
0.1053983117086943	0.1505069913014261
0.1202542320584005	0.1255965047314065
-0.03618604342411997	0.1476738642194071
-0.05065187302386744	0.1640717796841312
-0.09666043037963032	0.1704935812549484
-0.1123027636315597	0.1527157681179238
-0.1226029824774783	0.1181218483279945
-0.04945005050627649	-0.1015359183110495
-0.01498238523199213	-0.07558345635116603
0.001029507447039884	-0.08581733879196148
0.009818779176734439	-0.07810272264644716
0.05102194304180192	-0.09936839640472325
0.02340733846013566	-0.1152576432717048
0.002645824626833172	-0.1210837371562304
-0.01753776290835011	-0.1195715090456582
-0.02057040912767321	0.08623910481923466
-0.01891896120189424	0.03025750906966276
-0.03439408729732349	0.008831405693440094
-0.03498319447330989	-0.02519425307518446
-0.01983741797003619	-0.02949781419810718
-0.005016564596636511	-0.03369310952986145
0.01300787400383666	-0.02799246031579849
0.03178211211888701	-0.02767976192630387
0.03060703680419029	0.006935954900012909
0.0209465895704009	0.03817778739086695
0.01979673015471831	0.08321463788816132
