-0.1414789617668385	-0.06511078964076542
-0.1336332543510609	-0.1210112570404471
-0.1120229917343172	-0.171128079054238
-0.08851758280993119	-0.204861543083418
-0.05714713892956961	-0.2281354412696655
-0.02172750826996538	-0.2399128233090751
0.009173182856320598	-0.2381721565720546
0.04180601267138533	-0.2338297982381475
0.06551929138143919	-0.2212255189602004
0.08679730406654335	-0.1987420212016415
0.1068577286140951	-0.1713188837196885
0.129468475096004	-0.1224671327405025
0.1390625368231536	-0.05932406269856293
0.09216370574808636	0.08953257757860084
0.08310345774270762	0.1002906914237018
0.06870619842568292	0.1057399384239477
0.0510554835590687	0.1022415934717096
0.03698733020322527	0.08517240604346124
0.05225069294568614	0.08102397880623877
0.06550068163382629	0.07926624538065093
0.07940586151668004	0.08255365652368971
-0.09553508758524279	0.08647165428361311
-0.08212208879161798	0.09849570852519283
-0.06807630489777197	0.09928692153461961
-0.0518765522275505	0.09519124207554466
-0.03813439173911906	0.08469686502816076
-0.0518989495563606	0.07891326608695776
-0.06674048587401053	0.07557317428135478
-0.08186326004382356	0.07722534660482964
0.04009697471216739	0.1466982083790079
0.04927232559489649	0.1672479198390896
0.09471095540721017	0.1610431270504179
0.1081494351868364	0.1392631846735053
0.1198558134334342	0.1148815527927265
-0.03769324850315874	0.1435682388473763
-0.05279360990581729	0.1614984439395735
-0.09701462266725562	0.1627635799967414
-0.1112937326054888	0.1494386776020703
-0.1219902950311848	0.122543015808572
-0.06918882551446111	-0.08107146899500464
-0.007387424684013953	-0.07759013447445343
0.001110361879218249	-0.07836347697925691
0.01040389105406173	-0.07658793192220198
0.06787492913613527	-0.07961079002299962
0.02211027034716974	-0.1009695823808558
0.002446184042510371	-0.1020772799661472
-0.01159960914027319	-0.102868493498829
-0.02406622909433809	0.1017660529796643
-0.0218612333233969	0.02927117093696366
-0.03918278387892889	0.003254348251074143
-0.03988277339404851	-0.03434668327216346
-0.01907137616522366	-0.03693055290213511
0.001880631224000302	-0.04201056440883827
0.01932039722739692	-0.03476790603295503
0.0343025338932533	-0.03392394733840121
0.0329891493540521	0.006067777996470985
0.01760753348472132	0.02899037673961681
0.01381099322380101	0.09638737781750124
