-0.2026146945221968	-0.07609794082871871
-0.1921404246048126	-0.1223816578220119
-0.1694179042730574	-0.1715655928580147
-0.1407701596508166	-0.1981071457017992
-0.1005239681514574	-0.2177023059930229
-0.03988117164881531	-0.2371875448385543
0.01981676968529315	-0.2283028343390602
0.05357746324028408	-0.2198937730292971
0.07302921307503348	-0.1914139022385792
0.08167337570110868	-0.1537578532610364
0.08898798186225187	-0.1100086460963751
0.0914118251827942	-0.07647168022578832
0.09543887560365337	-0.03912035241975954
0.08109533684085499	0.07984297294336844
0.07357535117451397	0.09541703351167942
0.06192559850398058	0.1033014581716848
0.04932248384043712	0.09752497744670036
0.03736928687105926	0.08190182925842532
0.0491002702670584	0.07278660277351494
0.05950169719812565	0.06976453447572284
0.06957819759990533	0.07166572844000951
-0.09296669869376128	0.0893703080619533
-0.08036364262010104	0.09514684012197254
-0.06507150781089194	0.1023370094908305
-0.05113883054486031	0.1020203784353165
-0.03799705209904413	0.08558107285305522
-0.0494329520586888	0.07617303628977187
-0.06236099264694911	0.07531980866645638
-0.07729830045319573	0.07680634480741953
0.04186224666911892	0.1402990713004656
0.05465761151863882	0.1572139363739209
0.07413085455795315	0.1572629451776208
0.0858618397676645	0.1481476912114811
0.09001309634899754	0.1274065200952275
-0.02554804588336149	0.1358501122096515
-0.03757411694771016	0.1634886658656244
-0.08053917229023891	0.1680701458872696
-0.09920008440478802	0.155712899589255
-0.1175659467017685	0.1248323420227146
-0.02994194623128631	-0.1067321406760885
0.01577194429308248	-0.08269993117805034
0.02581853868820176	-0.09439876055269319
0.03271856572393542	-0.08652623722084855
0.06087893464106953	-0.1056828313395045
0.04262418643155155	-0.1241942424890111
0.02600248539242999	-0.1252912451149116
0.007777631610879792	-0.1302025968884197
-0.009452005739316779	0.08870121311613531
-0.004659306483221227	0.01608259550813741
-0.02182814148745289	-0.004829473122249875
-0.01871147520631287	-0.03800078444022757
0.01059456759439369	-0.03235804795178857
0.02710518625927735	-0.0436302540520785
0.04448787457896836	-0.04001065580538982
0.05543637990811597	-0.02321765256570962
0.05633834943202761	0.005274128713578722
0.04279035937356981	0.02786748559498971
0.0267241617178873	0.0886163946350306
