-0.137190486624767	-0.07967034535684457
-0.1265478365947302	-0.1257578792086272
-0.1112875247300453	-0.1729192992924357
-0.08351987598150237	-0.2099057234445506
-0.05275389502637205	-0.2260255567489545
-0.02715790516169035	-0.2324131376421661
0.00636420902230648	-0.2401390478882293
0.04096213117602823	-0.23279850545084
0.06517834603592865	-0.2161395184752778
0.09110873588950748	-0.1957602532600344
0.1145769602466054	-0.1614709150103686
0.1258822432614137	-0.1237822133213955
0.1363357281907785	-0.0623574522405302
0.09295009047416466	0.09019972921669914
0.08073300565767325	0.09958281418454758
0.06588607518127533	0.1052163490155267
0.04868286748963403	0.09855633488092198
0.03800698479247701	0.08844005003642633
0.05476353330001006	0.08042412018898705
0.0667069839828299	0.07958481370813747
0.07944884844476438	0.08243650157651802
-0.09397375159898316	0.08787844160162983
-0.08421358498768894	0.09796545309426934
-0.06788700738662255	0.1033755136502117
-0.05395576574430655	0.09771270634017738
-0.04353105406510005	0.08705038448508269
-0.05516176819670836	0.07812528733755604
-0.06889753780418506	0.07768536776068806
-0.07908770577399672	0.08102444572182563
0.03975440124626897	0.1483641563472465
0.05461799158479322	0.1708325913645999
0.09411114387233231	0.1684320633534628
0.1122525330930266	0.1457988929819188
0.1221133471597989	0.1241223410947628
-0.03211827799338843	0.1314006845453702
-0.04476533604381555	0.1542098325880157
-0.09368932182586615	0.1648609042060072
-0.1105015954045567	0.1459954632584451
-0.1217414103042539	0.1248648927145918
-0.05880714196181782	-0.09426512319711858
-0.01727044406437507	-0.07460785304105372
0.001278450328662074	-0.08134454687404745
0.008291466580848084	-0.07134557374215654
0.05031969154315799	-0.0956572955244465
0.01766658292439439	-0.1064774515173708
-0.001368053447768923	-0.113196121362811
-0.01613681099580582	-0.1100036923445564
-0.02003509967847528	0.09757731613645748
-0.0234575901630739	0.03271235186421324
-0.03812572663461271	0.004141189378090339
-0.03810326031862168	-0.02518129573169524
-0.01967161052850112	-0.02825636674490957
-0.003869866785505818	-0.03508108985472502
0.01420993815220616	-0.02717123231231575
0.02909602205850222	-0.03402528153194716
0.0334566917446848	0.001546570905563983
0.02164717626989216	0.02682611628064408
0.01842506612317189	0.09880909130080819
