-0.137994758535126	-0.06071600148351524
-0.1288968089990935	-0.1031555257601794
-0.1146733268611122	-0.153876991117898
-0.09646855003790822	-0.194520248240187
-0.06793052843887419	-0.2234607212169439
-0.03908442445099036	-0.2425519072300523
0.01027262738716248	-0.2505348321238761
0.0430267538656008	-0.2435785731914795
0.07823362192765371	-0.2168093958373992
0.09844243532672162	-0.1860597794378418
0.1174277456961846	-0.1504714312038375
0.1318215861146908	-0.115169156282524
0.1383378554516353	-0.05701148801438588
0.09237564409816452	0.08880386906650581
0.07845138252003822	0.1051387212086944
0.06138777999379931	0.112676625763498
0.0482233762971918	0.1020261963486663
0.04087389432946773	0.08682305034790984
0.05525882453217205	0.07788946779977665
0.06750195190866323	0.07373740754871998
0.08020580199994815	0.07698662940761759
-0.09212581874037458	0.09082220220229645
-0.08110309374107087	0.1062542165200335
-0.07031220014161042	0.1106129508539494
-0.05508526781498898	0.1029605862441294
-0.04016639338679326	0.08545898192205292
-0.05157050143399176	0.07614693386692768
-0.06534517265462089	0.07528850559489775
-0.0784303664903139	0.0781593530433424
0.03162635273281551	0.1464558823677542
0.04616975845068724	0.164564838733111
0.08703312170730435	0.1597388550905606
0.1027177831413188	0.1447424731074539
0.1169471619652706	0.1235115919294878
-0.03602362503734199	0.1373249556769826
-0.04834009862114751	0.157446266315762
-0.08927979598907122	0.1634962560884251
-0.1096381559004894	0.1499399502705856
-0.1277052114539061	0.1144087996257601
-0.06675373436288054	-0.07962274581595731
-0.01525201192314547	-0.07764192880048389
-0.002779993799411262	-0.08546597781575342
0.007553232757110957	-0.07376319480563651
0.07573716272699871	-0.07320027110179295
0.03761686507569686	-0.1271837657098895
0.00264175040055492	-0.1428797319570939
-0.02559411339226907	-0.1335805487899097
-0.02126322498889862	0.09278079422210818
-0.02456694951863325	0.02745075941238866
-0.03895777013619185	0.006893803896746313
-0.04118467380588133	-0.03133647962357513
-0.02197639670410755	-0.0289107060366589
-0.0009344856935155636	-0.04111567394260424
0.02332598920971012	-0.03100248059775811
0.03710067864964708	-0.03014405119031313
0.03695404773176542	0.001794489997700509
0.02264839115755284	0.02424935338306287
0.01952387589822796	0.08917883947063854
