-0.1322790592870492	-0.06367435073120399
-0.1286101527830473	-0.108476609864653
-0.1162986066262139	-0.1610542673457933
-0.09130210048367014	-0.1940292762471924
-0.05806922594570529	-0.2203571871087779
-0.02996206274994129	-0.2356031194043111
0.002593639345903425	-0.237893502644258
0.03501393648963199	-0.2353764305020966
0.06239877444844399	-0.2249823417617006
0.09048949588108432	-0.1969268775949766
0.1160850771675393	-0.1657341470743448
0.1280927954470789	-0.1220940079788922
0.1337272858673994	-0.06580328639204698
0.09679262179396568	0.09192965896409874
0.08204753054368299	0.102740675359197
0.0673927185379596	0.1103467041835438
0.04472724237079572	0.1032931046929837
0.03319958941637526	0.08532685930117818
0.05012381074180894	0.08259610243754741
0.06816016972985864	0.08310420655455644
0.0801844090552252	0.08344294263256248
-0.1004499053863925	0.08797690251760461
-0.08406744029535931	0.1044761303238805
-0.0698189263869311	0.1112926147082705
-0.05275929813025964	0.10375433220892
-0.03778848631954462	0.08493082994201602
-0.0533748494219297	0.08288796191448078
-0.07145632657278594	0.08398236976472584
-0.08352570941650241	0.08524610978499741
0.03157439801675557	0.1430168770093198
0.04657388696932404	0.1658922328923142
0.07663448528274031	0.1667390730873293
0.09841354558467144	0.1625412818169365
0.1150833255467023	0.1261241426565606
-0.03535495804732752	0.1266974441881733
-0.04930393048772984	0.1519648472018967
-0.08796204101468924	0.157290876071306
-0.1072007993465116	0.1567488990391889
-0.1266939726966324	0.1225205404524973
-0.0628380430205147	-0.09379355215460632
-0.009090181117659829	-0.07944923955165727
0.003114634260228216	-0.08552047812037358
0.01611557945620997	-0.07713540885838739
0.06827119347326141	-0.09170381704987049
0.03180869894047406	-0.1215989326560011
0.00553595374621008	-0.1287541265259026
-0.01864793084619994	-0.1246241081730008
-0.01623516463622911	0.08874554161205156
-0.01683424781967118	0.02457777559752593
-0.03895796676287382	-0.001705843689746515
-0.03819051557097478	-0.02894834131873384
-0.02001872404875347	-0.03324773575016942
0.007682140307544772	-0.03407112849186142
0.02322335890201909	-0.0304257492392427
0.04241694737038716	-0.02828129685101861
0.03915436456661404	0.00209847616096865
0.02159816774978961	0.02726425968719748
0.01886084821142583	0.08171539031698515
