-0.100042246465752	-0.03112520402534511
-0.08513798243893797	-0.06829153425097691
-0.07500589042988318	-0.1168460769534645
-0.05633212101563964	-0.16857274569554
-0.04256412098011952	-0.2154760798526838
-0.01806204880558152	-0.2363506392801289
0.01236185311923576	-0.2377212744356298
0.04154261561961112	-0.2358595425848313
0.07550892574510731	-0.2242308461202931
0.1118546831204653	-0.2060974412930368
0.1420381305314286	-0.1782872204901266
0.1684521431873026	-0.1359166072815569
0.1823412862749614	-0.04987501811139963
0.09600296857647324	0.09370634131831206
0.0752569999693638	0.101641756569198
0.05206485187846957	0.1111782597470864
0.03877769817069833	0.0997199436626111
0.02673368337499106	0.08502932275941756
0.04866936231771958	0.08034625713812525
0.06329312767233963	0.07722419841323748
0.07903983559289511	0.08546028531487643
-0.0803648717939435	0.0906319542018858
-0.06959070138777936	0.1117972161050905
-0.05499363255350139	0.1119174847507524
-0.04395235553284196	0.1006595629590121
-0.03530382141394448	0.08451818132644134
-0.04987415811892279	0.08115557671907711
-0.06448458391431983	0.08265644947564281
-0.07664881238485487	0.08255622556765953
0.01292563029719083	0.1367960723856974
0.02607918627801361	0.164465979951661
0.08083154463152303	0.1632958547997079
0.1028874375418667	0.1440223566474447
0.1188344485518825	0.1279410822101048
-0.04423285457102015	0.1347038788794571
-0.06013982083712131	0.1459216667029425
-0.08337206704876816	0.1603216649394444
-0.09665919388512832	0.1488633224227392
-0.09529584122503972	0.1310406117248705
-0.05192057240087708	-0.1134133243187797
-0.03268490218478681	-0.08569330479882449
-0.02046725446092814	-0.09207768210870888
-0.0132087867779638	-0.08715408800683622
0.03810798462601152	-0.1142928095485387
0.005424885101101957	-0.1340173327618197
-0.01643062469112298	-0.1390612041737038
-0.02983799207372199	-0.1359291232629689
-0.02566594157769788	0.09594643019460344
-0.03726917226466394	0.02775760998149101
-0.05411206448241269	0.004921103898794745
-0.05387163705956029	-0.02425969897556602
-0.03797802775457823	-0.03385634539682386
-0.02088132413505319	-0.04182182779082613
-0.01004039484314559	-0.02876236195775133
0.01190864142668632	-0.03506661340097202
0.01653390317607878	-0.00584566767441641
0.004142604243810442	0.02161376988973341
0.004811388484383194	0.08809119389443182
