-0.1341855321816454	-0.05611552400270779
-0.1302295095970966	-0.09793187077032352
-0.1207746620873026	-0.1416936940409168
-0.1012469228169757	-0.1776341833100249
-0.07873193913927883	-0.1981263206887701
-0.04265909179539124	-0.2297453492188271
0.008826662909430868	-0.23977449237913
0.04513403369390916	-0.2353171725532223
0.07318608287152691	-0.2186839733900032
0.09437746020039266	-0.190012724006707
0.1125180457197799	-0.1596940053373127
0.1234529263479495	-0.1201379220463701
0.1301329239418852	-0.05011322834050391
0.09270988347761509	0.09469804614271216
0.08077166577514341	0.1100982305479159
0.06363326480570144	0.1122111427016117
0.04944127448390488	0.106425739936083
0.03094123947495358	0.09226638306954266
0.0439828874254461	0.07855681821685806
0.0659575998167721	0.07676101414715984
0.08135866151605625	0.08262569129188477
-0.09885264699905549	0.0902294312505309
-0.08660929934077607	0.1072151654849949
-0.06868445202013888	0.1116270197238845
-0.05464503492757715	0.1012194537603072
-0.04281246776384411	0.08743062277975763
-0.0577909215184685	0.07512044363340081
-0.07382589513474214	0.07892401949112358
-0.08481322339207427	0.07982190118713041
0.03250235351050251	0.1425359153237993
0.04826728300207929	0.1613708184481454
0.07597043135406878	0.1648055195066845
0.09584389368937754	0.1580170582003303
0.1143557638208026	0.1349563660897988
-0.03257652478058941	0.1350323440850859
-0.05934061707300164	0.1543153628035172
-0.0781106938907677	0.1627944495978395
-0.1079150222353326	0.15436710476471
-0.1324016939558394	0.1203956821842012
-0.04521838871961482	-0.1166324241122539
-0.007009255575555826	-0.08823444540924909
0.01065740329831396	-0.09840420415892939
0.02101084902441369	-0.08963387526708456
0.06423249175509058	-0.1191659029393696
0.03442814748683405	-0.1275932754213447
0.01088054065620607	-0.1388469776459128
-0.01240890248164754	-0.135519095109727
-0.01699630423846007	0.09306114842840223
-0.01614219971799821	0.03253890792993803
-0.03558125010884217	-0.004338112836910987
-0.03209408232371321	-0.03116199153217991
-0.01664680026057352	-0.03384428219508127
0.00664264287728014	-0.03717216473126698
0.02595277968858735	-0.03798290162169864
0.0418316152891321	-0.03417717467221648
0.04353702761420837	-0.00724210871971574
0.03043663357589986	0.0258831393837436
0.01532886497303811	0.08962445634666309
