-0.1384032395352903	-0.05716144616957995
-0.1361327631761756	-0.1041795380302282
-0.1292892890019451	-0.1562997998697419
-0.1067786256534597	-0.1882595691446204
-0.07225992135357279	-0.2224959400020579
-0.03470200071268711	-0.2455802062849258
-0.0004772564541770923	-0.2409921261714817
0.04557841025800755	-0.2419050255863128
0.07369644337804118	-0.2159603894882587
0.09352396075450642	-0.1863263013502498
0.1138827660579964	-0.1470193415003111
0.1237974507031949	-0.09905360628028327
0.130525925541866	-0.04282783359246632
0.09598081819206807	0.1013667897449715
0.087778849223107	0.1066683649838339
0.07361713462162507	0.1139143291171263
0.05166609464568256	0.111886113227484
0.03461218668348871	0.08856772278789152
0.05024918403135629	0.0860917699233138
0.0648536913367736	0.08690652488759416
0.07860275496506558	0.09423634300508801
-0.09759514140882236	0.08936198301289666
-0.08573405712881056	0.1064975480352253
-0.06862169849405014	0.1087915844026025
-0.05316176421005492	0.1030912948533848
-0.03469275978274348	0.08590668852676087
-0.05171656232303885	0.08522478370756463
-0.07115971708725166	0.08467582077615382
-0.0833448697422912	0.08372816809691649
0.03390558304761138	0.1419679290205704
0.05396857445462425	0.1538019222010811
0.07851604835807208	0.1589215495861253
0.1025321813271011	0.1543683081709921
0.1137432351967573	0.1375823621767452
-0.03342283088762789	0.1311132263953918
-0.0482628416390422	0.1480985148370918
-0.07738329083555398	0.1480811448059857
-0.1078019366079263	0.1465180368929687
-0.1315240801201289	0.1122468788887383
-0.05378723270869736	-0.107085816092267
-0.00882250574094543	-0.08368363593689347
0.001710226930957437	-0.09073022966315984
0.02029794685261069	-0.08366620406382759
0.05968540500377572	-0.09553186366460707
0.02749564734586961	-0.1293379043723543
0.004157836059885955	-0.134524006390636
-0.02210050014999144	-0.1266135354288265
-0.01395139368529108	0.08800133536210433
-0.01914613801676232	0.01552116686339295
-0.03861939917345771	-0.007664299357545411
-0.03856097646046443	-0.02868867847758148
-0.0252546981574182	-0.0294196064466497
-0.001947046271311326	-0.04687000480614321
0.02909152351893397	-0.03402188916607828
0.04396163920695476	-0.02837070082194771
0.04555566589254757	0.0006479762551100036
0.03071568018895421	0.01763323673723665
0.02095167274155633	0.08285008087669923
