-0.1368564253106239	-0.06300706518621153
-0.1275012612604535	-0.1179128007652587
-0.1129863952763168	-0.1555303023286422
-0.09323150620325674	-0.190842949185272
-0.06931322640680485	-0.2174316344500262
-0.03569619705239371	-0.234722677992085
-0.002349958222023228	-0.242649371634626
0.04309572987997944	-0.2354556347195231
0.08246270376991408	-0.2160188277256214
0.109531556172027	-0.1888088786047821
0.1327082309204156	-0.1499119701911699
0.1432801670455735	-0.1125882229176277
0.1509806202286624	-0.04887233002462088
0.0920030951615643	0.09018964675745948
0.08215913103203795	0.1059938143978738
0.06688399827528527	0.1133575129525677
0.05118009271601423	0.1069590135190631
0.03531538498097739	0.09539970909802807
0.05064411581014678	0.08975629468223711
0.06344485425744252	0.0859135977878297
0.07635277824761752	0.08551143175657329
-0.09166464329993258	0.0838585013301886
-0.08617988602738209	0.09401925484852743
-0.06633560677431466	0.1088984494860852
-0.04702733212096161	0.1065749450221486
-0.03465538503665407	0.08897006015406619
-0.04761690709924586	0.08765194204641963
-0.05815762202912773	0.08109258498133107
-0.07499152977315535	0.07989511694740542
0.02369379649025015	0.1370884119438935
0.06209156006295522	0.1668870273373421
0.09043541957307957	0.1642819865931074
0.1170060387392444	0.1462347204711055
0.1223880516361433	0.1116281996349676
-0.03326184514014178	0.1336971272443953
-0.05187336811199302	0.1583841846951125
-0.09059711180124018	0.1595906819077355
-0.1132373723296883	0.1379108312325093
-0.1203880995594856	0.1157483805561152
-0.06131098655299845	-0.1030570068875452
-0.01946965576826183	-0.08714119095197574
-0.006722515393382889	-0.09270417198528613
0.007636949730863097	-0.08798573853086712
0.05512830882499071	-0.0980751273160856
0.01941933038283265	-0.1245136549496716
-0.0001033059291863552	-0.1290712125057525
-0.02452118168545814	-0.1248665376963358
-0.02072464528574807	0.07992630357880211
-0.02631791005436201	0.03066648605394128
-0.03717447681731806	0.00811727125118206
-0.03921563034432825	-0.01592632060826802
-0.02813446994121967	-0.0334910173601034
-0.006190988788120364	-0.03417469993632626
0.01182646235680963	-0.03645798682787638
0.02898196473156094	-0.02493891795226676
0.02467634740105554	0.002746315920382602
0.01224596769390071	0.03018241675685309
0.008234789274234022	0.07902402828857863
