-0.08430943876572689	0.02649643543482462
-0.08728153272757869	-0.02751532384537173
-0.08092257158749792	-0.08635422383555887
-0.06161482992998748	-0.1429164244129266
-0.04664621367697465	-0.1892290978307679
-0.02957834705104859	-0.2232861636965773
0.005069530585872731	-0.2409674790780872
0.0491963583347872	-0.2356564405192443
0.08905625488509647	-0.221831186413211
0.1302181765995644	-0.2079517498553643
0.1668246446794876	-0.1786167835697972
0.1917122254190617	-0.1497689152599616
0.2103815572403105	-0.09684293321375048
0.08656025836964826	0.08922601540042342
0.06782606133282967	0.1006155462139263
0.05198453690017165	0.1051720175883359
0.03643157412784687	0.1027871478346411
0.02796616636378193	0.08679025406944522
0.03867146104093537	0.08028195646072651
0.05436869890033236	0.07919617922674134
0.07122375656662228	0.08163515812256136
-0.03467847511080926	0.08766279367586292
-0.04574444878666219	0.102847728168321
-0.06136954949783847	0.1021981914180781
-0.07793603678481384	0.09281789080869277
-0.08271157566011486	0.08218937102828815
-0.07063205924101823	0.07399988720137508
-0.06158957570434636	0.07611409673378525
-0.04987074779356115	0.07660124939529626
0.0001209047649832441	0.1290909616382986
0.03137469995338071	0.1616801185331903
0.05994859385412165	0.1646062790146726
0.09474071804927943	0.1434543154595365
0.1158591337486149	0.1060889581659431
-0.03604909318178024	0.1206340541741666
-0.05680681086319243	0.1493227753746514
-0.08154654176887333	0.148294342680911
-0.1020193196895175	0.1387516286633274
-0.09963515768935674	0.1127757903017329
-0.05018096912285999	-0.1041978662481291
-0.03137096311830349	-0.08603267203699079
-0.01777293798868729	-0.09937404573213457
0.001397726809398716	-0.08988546066653076
0.05926685635626317	-0.1013864808289593
0.01361790671624491	-0.1328357041949963
-0.005913476304934375	-0.1336476254292864
-0.03470374677441281	-0.1313677662999275
-0.03959829025912866	0.0805049494119741
-0.04792302660709351	0.02974733437898869
-0.05870406170812455	0.006700862182214148
-0.05639203764681527	-0.01753964317592844
-0.0427218852739056	-0.03261632174100367
-0.02688036163187826	-0.03717277409618929
-0.006046913036200407	-0.03630672588649617
0.01572795898777816	-0.02670988370756352
0.01312738475232435	0.004471915625939189
-0.0067646879631125	0.01233665940890878
-0.006757462392574953	0.07491682777898222
