-0.199115676013967	-0.03816562934696689
-0.1946808090527431	-0.08745961631112147
-0.1716544114144164	-0.1453869242922602
-0.1236274667356622	-0.1907425351159012
-0.08098898976003827	-0.225577338975427
-0.0372126784685073	-0.2410193226796599
0.009140566536503124	-0.2493887050203039
0.0500216977437288	-0.2384281057627732
0.07224429224252667	-0.2117868118676169
0.08504544380827585	-0.1676150057642794
0.09505195385208474	-0.1076117347843171
0.09844852525357352	-0.04767128295986996
0.09918438002621707	0.01400591463871837
0.08527788815797435	0.0861159302324515
0.07589006419134513	0.10012274707666
0.06394193664433501	0.1052951904168356
0.0455178442650804	0.09631002837346392
0.03372043697908955	0.08562586617184977
0.04570205807039051	0.07692971661975066
0.06422663062365795	0.07534380830192922
0.07214180261766785	0.07718103176970163
-0.1010719477131529	0.07905862441479281
-0.07607146798181777	0.09163029196514078
-0.05766412214527873	0.1023772829771856
-0.03647882358356628	0.09905465794174119
-0.03109039450009804	0.08853385061053815
-0.04427677805690355	0.08488448677775318
-0.05878515153011764	0.08122258612927413
-0.07863171363270595	0.08279591901173969
0.03328502255520347	0.131433873138377
0.05154164822249518	0.1580374600372962
0.07793109475327351	0.1635743098172121
0.09253994812518464	0.1566651690692444
0.09804560438424109	0.1338114141335978
-0.01025678611057408	0.1222099620925826
-0.03838694781779246	0.1607066950147021
-0.07802983230305026	0.1585678642186983
-0.1134889829530242	0.1335627519686728
-0.1304068818161072	0.1052098728250027
-0.0463838630267687	-0.1107180894849659
0.002362161467798722	-0.0926347319461539
0.02093697410807259	-0.09950617544457196
0.03276787493835428	-0.09234571945488133
0.05935834940156638	-0.1079510097549482
0.04506768300263741	-0.1345168994043177
0.02259389772372269	-0.134730517304719
-0.005167846119562795	-0.1349943983268825
-0.003211491065632402	0.07646478338585451
-0.005369748252517276	0.02534611032025334
-0.02096565784159536	-0.002994164423314451
-0.01807047766551814	-0.02939675703999357
-0.0008009660531140422	-0.03804259583815693
0.02565553515065404	-0.03955315783968422
0.03753667560908247	-0.0376781887560131
0.05068956608045693	-0.03050516698588188
0.05045511227991235	-0.005839329706487491
0.0383395174703077	0.0169515964187283
0.02722772532881368	0.07323011872172185
