-0.1458901072708505	-0.05265065273355322
-0.1359306077704809	-0.1056677987314775
-0.1195878260052009	-0.1542913808273335
-0.09400890010619668	-0.1894476856661069
-0.06407012895498589	-0.218744912013676
-0.03072964888077201	-0.2375456435413317
0.001633742838200777	-0.2454051448638302
0.03613056951578844	-0.2418096454941349
0.07039644344099844	-0.2289583497757867
0.09746793580073347	-0.2012954171584323
0.1191917695988066	-0.1666053315714958
0.1320243494800808	-0.1093465510687043
0.1397354973714342	-0.05063915467894345
0.09055739443688836	0.09241962613645165
0.08024700926908625	0.1076970462452663
0.06359133118409745	0.1144211938210084
0.04445331251690524	0.107501909442871
0.03683894796595594	0.09723797859744482
0.04324926612949271	0.09386546504933663
0.05862654727055478	0.08713433868957222
0.07780177396906342	0.08723887643679232
-0.09349676662445178	0.08630500671951133
-0.08335360278854768	0.1016939336161791
-0.06552174241579034	0.1137173069745576
-0.04630007578873369	0.1053034273897501
-0.03471134954153053	0.09003295775095799
-0.05131129963082438	0.08653498959034145
-0.06663290864071723	0.08304397189974762
-0.08197308439780207	0.0829603417325105
0.03280885827400715	0.1329944948180218
0.05054778261975316	0.1620547305436759
0.0760961754677026	0.1656015016790946
0.1042662757717027	0.157236378337174
0.1160221859550922	0.1112995708255098
-0.02216012119390283	0.1326948199630168
-0.05298903413433778	0.1597865569644644
-0.0913208834393494	0.1561700941502606
-0.1091155917471124	0.1373319645193719
-0.1242607194683671	0.1014709199386767
-0.05157725739509767	-0.09917386396000757
-0.0176934540287784	-0.0824344477007542
0.004614288068315536	-0.08864504846348564
0.02046658799693397	-0.08320609654868409
0.05836987736983537	-0.1002781759202941
0.02910724278882938	-0.1259937468116423
0.00610626270494199	-0.1278229185008882
-0.01946999444624442	-0.1262585757509072
-0.01548973888079597	0.08161906852455748
-0.01647087308183613	0.02709412384077543
-0.03421908529113604	-0.0002624508253614678
-0.03282927903683666	-0.0206997037685474
-0.02033775927907564	-0.03328188168037469
0.004298496024847135	-0.03071971350918292
0.02130312682162756	-0.03525550425837531
0.03497885687522016	-0.03055245312381043
0.03346830640968963	0.01203275770503364
0.02187958031518115	0.02730319933521561
0.0151720459879782	0.08519369770998164
