-0.2247306617436254	-0.03935369423685475
-0.2075855240214511	-0.1076729351191045
-0.1739124398284835	-0.1505270406083999
-0.1246242965518037	-0.1939290878913668
-0.08017604764802237	-0.2267432699507529
-0.04180803421920612	-0.2471896127941938
0.01235765958639742	-0.2629813349136625
0.04289501542670288	-0.2466895469500133
0.05110540878288904	-0.1983599775919438
0.05844058074501851	-0.1378452858634685
0.07067645070755027	-0.08618428207815708
0.08155021492102076	-0.0362118055805585
0.0820139554733022	0.01412596172245738
0.06653521407197643	0.09280478752189714
0.06157365575673767	0.09992430968925929
0.05122449574561701	0.1020238613052373
0.03809030810368498	0.0990120958676128
0.03115802421486034	0.08710095781544873
0.04392708714593402	0.07970743232289308
0.05173454424438939	0.07943343066531562
0.05836252905852043	0.08267353993195344
-0.08940916616750059	0.06702341494136399
-0.06556060076996967	0.07834085933710276
-0.04691704095044073	0.08984099173443015
-0.03644616647789112	0.09120986703833807
-0.02764170833371149	0.08221912958167457
-0.03705478630241574	0.07386773410652461
-0.04616354485538181	0.0741874047637581
-0.06196115837431442	0.0695327912085993
0.0381280256163679	0.1372104077987397
0.05341552344515033	0.1644554353215306
0.07329947621992751	0.1741757156040645
0.08222565766196564	0.168653385726812
0.08533820553209392	0.1459716492667614
-0.005117597696890256	0.13004636095549
-0.02526809401977436	0.1498533624844639
-0.05544033465269734	0.1439668657845181
-0.09124362457778883	0.1261235548639386
-0.1168802820841687	0.1009780884606017
-0.04598692184313148	-0.1063988574599289
0.01578048097094149	-0.09120308379762344
0.02737002309974168	-0.09508252520877547
0.03790175988826697	-0.09197942710821037
0.05221547716890203	-0.09248176509246456
0.04424853074195609	-0.1338745097882365
0.02151869102210076	-0.1504402443897467
-0.01479463989942651	-0.1456931820247832
0.008488977951986745	0.07226938182092681
0.009387352652242525	0.02362014147210056
-0.007018879023598646	0.001623442502507926
-0.01325853730272307	-0.02767546696955863
0.001869595409802182	-0.04209717112896696
0.03049713450930735	-0.04310185076623061
0.05025930496423126	-0.03685003308282386
0.06015926895555603	-0.01462494043217575
0.05716844438328625	0.01152520360728568
0.04978696447466592	0.02393870982174771
0.03829604869133422	0.06775065578264004
