-0.1373011912045659	-0.03684643731504091
-0.1287209643854398	-0.08725066273354032
-0.118611884460489	-0.1313048196991232
-0.1011024392964716	-0.1742377804447776
-0.07744925965141936	-0.2071241206433976
-0.04662510796689986	-0.2369447867989626
0.00352015002061296	-0.2468865555165246
0.04586618706656013	-0.2353048955532167
0.0773076591341581	-0.2102032831372533
0.1053002656674563	-0.174480428700646
0.1247918549785199	-0.1304882677259265
0.1385131397983779	-0.08120760888949743
0.143656543260513	-0.03049083386681953
0.101830776320056	0.09364105264375025
0.08398147244244122	0.1152774431537614
0.069941359958254	0.1181147357275136
0.05074076642261578	0.108952396798942
0.0284648219464554	0.09446567791853462
0.04953999248587702	0.0915493120643833
0.07256495325007017	0.08325208422323914
0.08668028937320731	0.08711267421206587
-0.107287178658782	0.0892928472635959
-0.08495103828965755	0.1091377862527092
-0.06780561089345727	0.1143040400314357
-0.04778062810904957	0.107380293180701
-0.03186602823656277	0.09246430680248076
-0.04805164662796238	0.0832680898551869
-0.0701619088450857	0.08351660677576704
-0.08823709154705339	0.08505948155772308
0.01691660628883681	0.1401464944324578
0.05129785977090435	0.1585163459309442
0.09350835764821426	0.1580419045676709
0.1105634750737624	0.1551707236692935
0.1262672531047108	0.1215008238623535
-0.0214244445957785	0.1271800473260993
-0.05635897908016033	0.1490084839239055
-0.08649431059372834	0.1506869633097591
-0.1137350501239626	0.1416150047106967
-0.1251665957176158	0.1082501029630246
-0.05943052109921348	-0.1242630474215014
-0.01784858712123611	-0.09123703273007461
0.0001513122354787331	-0.09947777943253081
0.01939710573227291	-0.08629671369994417
0.06130650181863175	-0.11356249353549
0.02474965915731365	-0.1466449897017806
0.002564084246049802	-0.1530942945168902
-0.02553110808965558	-0.1487593226469758
-0.02310699851431361	0.06691089501358957
-0.02771424818796778	0.01471299591472019
-0.03907054090584211	-0.01195408342491036
-0.03832149482068711	-0.03473804045236478
-0.03035665143844595	-0.04152623265989525
-0.0001912060713070329	-0.0405255174168049
0.0269742200924349	-0.03815144037179363
0.03819500366291146	-0.02354045272519331
0.03243595248074103	0.0006395279219231192
0.01754142706999041	0.01688375051641753
0.01613366402537604	0.07048902923622451
