-0.1404353708665855	-0.003019710251601154
-0.1373681489560069	-0.06711093682504966
-0.1284093093091094	-0.1204572579311339
-0.09500472798510035	-0.1802098506187032
-0.07426261700822831	-0.2120664723273463
-0.04140097601317359	-0.2498640977793086
-0.007299349725596198	-0.254806893168662
0.04502013860721206	-0.2494699820439903
0.08070615089296766	-0.2124315947298641
0.1110517030912505	-0.171535886944932
0.1377706752078196	-0.1177081920313983
0.1468918704015181	-0.05773272698203932
0.1489585150724354	-0.002974610194503129
0.1045366622204202	0.09192325995565301
0.09146089181401355	0.1088675764371165
0.07242457808530867	0.1132417867519267
0.05564527511590989	0.1047356993187721
0.03318093055376133	0.09096056650572114
0.05077877749397946	0.08481279372734722
0.0739926389061584	0.08210882939473743
0.08905799147494362	0.08154024281016635
-0.1071358429652537	0.07980550010363764
-0.0885735724769306	0.09921149886615734
-0.07042466017521166	0.107665895408647
-0.05138835644898491	0.1032916854713439
-0.02886333721304376	0.08233499736206398
-0.0482440820323459	0.07758284616604587
-0.07166464735526895	0.07481101533364708
-0.08946911856391257	0.07548297992447862
0.01517794821922583	0.1227138098305967
0.0507262559726334	0.1561017000612369
0.08085689109285642	0.1549645295346432
0.1040708221448759	0.1522605525570069
0.1315919507750252	0.1183201894485157
-0.02200726780871987	0.1186336232254102
-0.05103572257105729	0.1489751205037179
-0.08822094822397426	0.1448949442785163
-0.1130111132542462	0.1421747939567973
-0.1278779843270673	0.1116621129423233
-0.06875974871901513	-0.1026019385128962
-0.02150527177657758	-0.08610672426295264
0.0001323756623051627	-0.09423481664993187
0.02245894340971674	-0.08411023829268742
0.07436504090593771	-0.08972499827287238
0.03504432312841509	-0.1503885450173456
-0.002347596810274777	-0.1599445267875407
-0.04151420221574681	-0.1438433693905671
-0.01948296622213925	0.07649736313255472
-0.02846638460110058	0.02017245253900241
-0.0472353197452689	-0.004709362903510039
-0.04539170718247967	-0.02854126136147694
-0.03340995435654096	-0.03813282956308101
-0.006362876704210129	-0.04829292320186623
0.01603256812681754	-0.03634310224788521
0.036576227992667	-0.03711844748752571
0.04295008175422003	-0.0135966771984382
0.02617890155232627	0.01445431191000851
0.01893405193844813	0.07687529552131232
