-0.08719979934046976	-0.03484331024221703
-0.07922111867389175	-0.08261464438283803
-0.071882533090358	-0.1156318327805352
-0.05899272127736992	-0.159992761251957
-0.04405313072795173	-0.2001273192103782
-0.02529198216338652	-0.2318986599175292
0.004308645343635748	-0.242737161750631
0.03822109377225705	-0.2343545662096373
0.07196923013141804	-0.2214836506288624
0.1097952849658939	-0.1989001604646056
0.1457493492657279	-0.1655682714608596
0.182626676178261	-0.1049023751275057
0.2015596189578401	-0.02956755518908193
0.09696508463000461	0.09601783960388684
0.07448289510787463	0.108192646766508
0.05886378540437426	0.1132786083462767
0.04208872343534681	0.1059453797584628
0.03246287800258923	0.09546524043565915
0.04522817280650133	0.0844719678566495
0.06111332408929768	0.08098726829068791
0.07822254887838119	0.08130782356128839
-0.08513479197910465	0.1057533590634978
-0.07350937015201531	0.1157031057596382
-0.05303424199548753	0.1107820443183184
-0.04057235086881292	0.1023182396528935
-0.03815822790400027	0.08993733845788744
-0.04978589720870891	0.08338716236016469
-0.06426002246158605	0.08331738511475895
-0.0763200735179054	0.0899777170814221
0.008252989322511584	0.1361345557789794
0.02982215131544811	0.1473113498803332
0.05999964422273669	0.1550325732231268
0.09137847895343647	0.1448551830574299
0.1185594726436451	0.1253225763283916
-0.03322390566582838	0.1321738346073029
-0.04982757656579681	0.1449270777029885
-0.06706580065652748	0.1481873497241121
-0.08653463506144726	0.1512815854374266
-0.09998457128165752	0.136014185802615
-0.05621867523469278	-0.1195610588952155
-0.04279010957246546	-0.09774615446123015
-0.02924608308115301	-0.1060754176221546
-0.01311175397405384	-0.09619962781589751
0.0421713063455303	-0.1165421198849044
0.01679290680712382	-0.1410421857991039
-0.0198165306653037	-0.1459969149293218
-0.03918525165542265	-0.1403128412991566
-0.02972592495715486	0.08520516816994574
-0.04264690394714327	0.0295546921269504
-0.05578311478608643	-0.0003538409695376908
-0.05670084973061036	-0.02408771445145592
-0.04468033748904242	-0.03522852364910812
-0.03299554785008989	-0.04285648512692424
-0.01327855504997813	-0.02387842913211445
0.0146540588264646	-0.04308743788071537
0.0183268098031749	-0.01946004505510561
0.01062003882684783	0.01968943407674725
0.005997220549175473	0.07251837324423197
