-0.1981192460923566	0.03290020948841254
-0.1868238851483039	-0.0620407171710528
-0.1615468083424523	-0.1333469704772537
-0.1223747174946135	-0.1955125180753211
-0.08701499199813652	-0.2339368558671815
-0.04361284355703449	-0.2500086430579575
-0.003073944071133976	-0.2489334261039501
0.04057252080833172	-0.2241584433238313
0.06561754315346764	-0.1689653624666004
0.07573167293522866	-0.1308129941126474
0.0890479312910096	-0.05314912946926936
0.09519994164241859	-0.01629072810815521
0.1014386347284108	0.03506172927418589
0.08994627807438139	0.09706173625001852
0.08112012492912711	0.1089737020122803
0.06927314778814395	0.1116799281981658
0.0543974270967253	0.1038627602132492
0.03255452346042743	0.08818116589755899
0.05131357086542467	0.08411588001139292
0.0671305478239827	0.08402128545389971
0.07999756414234556	0.08657971764817456
-0.09996793539049394	0.07974992988094169
-0.08305992882463197	0.09677869062358829
-0.05632938977249153	0.1032073070993007
-0.04054387499578697	0.09784214190649976
-0.02581793780295817	0.08062413326831645
-0.04564431575277132	0.07151890050458064
-0.05948416813987618	0.07160167072772501
-0.08320965319077948	0.07174356268126215
0.03275940948145718	0.1224397697711629
0.05759954545367122	0.1433741879155908
0.07935576658998042	0.1445617654361872
0.09615345008067262	0.1431436135424106
0.09996584514487726	0.1194024525929234
-0.00579449514554423	0.1226703441443432
-0.04026018662739648	0.1452771371657769
-0.07984995944141421	0.1376077929439626
-0.1105426571500396	0.1298852097100061
-0.1284943925011282	0.1036388950391135
-0.0488192357812425	-0.1287503869584772
0.0007743535458997633	-0.1013755870777816
0.02148688494716891	-0.1094055931396256
0.03637042689336784	-0.1002708091999293
0.06000137865260542	-0.1162243533404606
0.0400094570162439	-0.1529999939330716
0.01822172484136138	-0.1594581123761328
-0.01043081600159048	-0.1566513695124248
-0.009059655251351649	0.07261782490783605
-0.01145442273879707	0.002794727768108927
-0.02249410743893792	-0.02481064648576685
-0.01675974939951383	-0.05778709789434778
0.007985823861435034	-0.05266433176096785
0.02871410593737295	-0.05805905752572191
0.04458624449216444	-0.04893018595847028
0.05263663608281073	-0.02525997124967058
0.04590580139946338	0.006404786735000436
0.03817067786151308	0.03544010779740203
0.02654435702929466	0.07504021803668409
