-0.1371541472485369	-0.02769493191016381
-0.1324841314851603	-0.0762906501209404
-0.1207151631454618	-0.1326651572425912
-0.1044796674599354	-0.1746431453295496
-0.07731108825307319	-0.2093318274554442
-0.04255183265802207	-0.2399811258526144
0.0003010408017895916	-0.2499021263966928
0.04848016395698476	-0.2357234377290463
0.08652151643936776	-0.2044720824421332
0.1131029096741366	-0.1554678609627021
0.1268824892412058	-0.1213608158923967
0.1344187953961325	-0.07803916116285201
0.1411122846978341	-0.03115013325854096
0.09976643905711037	0.09616651313996102
0.09105968363316842	0.1094127674045548
0.07338527484515885	0.114887425227831
0.0546111184220214	0.1111791318973354
0.02777325854236149	0.09311903413232296
0.0533809507215437	0.09148722080856822
0.07202456156255424	0.08468668287709055
0.09176796977110449	0.08706916392812988
-0.02942053890386053	0.09120157013161967
-0.04706232498998227	0.09930351416472624
-0.06858104868949387	0.1127087944546763
-0.08834073819103173	0.1090127285937241
-0.1032705894791979	0.09737381291794857
-0.09154201079025102	0.08934530225921199
-0.06601590238889406	0.08114545952914776
-0.04625621228038609	0.08484157427275373
0.01932747696430462	0.1273829523775915
0.04310548343030707	0.1530389002803069
0.07684180926357725	0.1551148569505568
0.1032612786317223	0.1394788704760988
0.1228089556061005	0.1260980351059168
-0.02300165399603809	0.1318499873291307
-0.05724917183604419	0.1521151281725793
-0.0937320065804209	0.1511215780396145
-0.1115695336772454	0.1434602057728938
-0.1256117368750676	0.1239274193245484
-0.05568318352052555	-0.1186819903554504
-0.01591914068717441	-0.09158573021594818
-0.0002973334367133628	-0.1036040022195402
0.01760543784994651	-0.09068815529846641
0.05773516924164232	-0.1135212599725124
0.0298628634833281	-0.1355099229540844
0.0001172982226296377	-0.1495924964989216
-0.0352152463802044	-0.1373294786026933
-0.02086059068057763	0.06613290932888255
-0.02837918533134529	0.016301442726716
-0.04054814894402686	-0.01113746224516844
-0.04084174549179979	-0.03478241243567359
-0.02423442483739381	-0.04681292144255179
0.002358801027158992	-0.04845691335319639
0.01715812555789552	-0.04732688784136678
0.03399383804054398	-0.04096689246807683
0.03834375249323579	-0.008175643838655775
0.03062256840405901	0.005058314035103222
0.02059718325893943	0.07087332983843214
