-0.1206949499988768	0.01751263251015937
-0.1143499207654033	-0.04552403233744268
-0.1044350359399196	-0.108555214243973
-0.07936298115939049	-0.1620463576782158
-0.05250600296829753	-0.2155347862085656
-0.03014270251761625	-0.2488076879693069
0.007383275659048863	-0.2761092912979018
0.04841457016418043	-0.2617709940313057
0.07156331987796315	-0.2260483975397273
0.0973857916540643	-0.187942530287695
0.1178350284139503	-0.137949453392347
0.1347014964226536	-0.07963497945678819
0.13901436340233	0.01672579576385008
0.09159195666095289	0.09516301415202594
0.08174899007849303	0.1118015410362539
0.06210184949691806	0.1200979637964991
0.04693730041136818	0.1153162600782477
0.02555503555389641	0.09149194536497057
0.04429682788571305	0.09152100976221227
0.06304599033002094	0.08679184563080108
0.08089344088102485	0.08800905874366791
-0.09403537633671347	0.09130648694264097
-0.08157035800768529	0.1103587330100186
-0.06373763882840482	0.1210924031939207
-0.04408496397103125	0.1092272758477604
-0.02710228636930472	0.09259982108478838
-0.04405360348672323	0.08900488212535532
-0.06368414143311503	0.0865953150734859
-0.0815316185576265	0.0853781107726901
0.01212930030263075	0.1164518161698531
0.03083419792925855	0.1402719434623776
0.06474237515585884	0.1438932053416517
0.0924180343440915	0.1379883574533967
0.1129834363483272	0.1130395587011229
-0.02090483606642179	0.1247274786443927
-0.04770648098434369	0.142529268551792
-0.08251448112054008	0.1436648423499161
-0.1012507303782166	0.1400671087935261
-0.1145989601970455	0.1150657528714587
-0.04641185787014787	-0.1167921330649987
-0.02416477586574917	-0.0751231061409387
-0.007193166637136784	-0.0846132668244521
0.01599616723038639	-0.07506082535246972
0.05175015294455579	-0.1106920766583375
0.03311904486560004	-0.1820944182740215
0.003695357013180672	-0.1999833747447205
-0.03204938732503754	-0.1702998847085847
-0.01903689070905929	0.07120029762099918
-0.02699160219882068	0.0212265969859024
-0.03677183886329883	-0.002579725533765955
-0.03583692171335776	-0.02993807354901341
-0.02512181213777649	-0.03349011681975866
-0.00637817511600768	-0.03465057635152519
0.01325238063300906	-0.03224107124501258
0.03109430577520324	-0.02745516238576048
0.02837998175651936	-0.003668216181261274
0.01406365611834941	0.02010072901755786
0.01129587021351935	0.07838470142459403
